056 0.0 1102 163 1124 185
056 0.11288242141359715 712 159 734 181
056 0.22870066095233196 450 14 474 38
056 0.4954236701587601 421 77 492 148
056 1.0 415 134 461 180
056 0.4636993882401394 436 123 505 192
056 0.1691997929340163 1032 252 1084 304
056 0.527885839146339 670 252 776 358
056 0.33276018384256123 1379 291 1517 429
056 0.8358390033376519 1407 398 1437 428
056 0.5400017732169874 335 478 379 522
056 0.21511352878760576 343 368 387 412
056 0.4562178425669318 117 375 176 434
056 0.2468718450322754 236 352 334 450
056 0.11463418819552293 450 525 498 573
056 0.05823787991888962 1059 587 1123 651
056 0.17860270501391404 1031 844 1054 867
056 0.174966466178746 1411 824 1438 851
056 0.009516455167640506 512 770 546 804
056 0.6591007501851868 1493 767 1526 800
056 0.28375704639250443 602 755 676 829
056 0.6993338996187584 62 878 127 943
