018 0.6755775230731904 6298 1881 6345 1928
018 0.6617019005105955 1427 5545 1470 5588
018 0.6143322128284376 33 3742 79 3788
018 0.6248019870279548 329 3743 374 3788
018 0.6995447868348253 683 3743 728 3788
018 0.6092850071199746 4676 3753 4726 3803
018 0.7549772558524712 423 3555 469 3601
018 0.625776362687026 3769 6218 3823 6272
018 0.6653039915807047 4615 3669 4680 3734
018 0.629507177432532 1893 6169 1945 6221
018 0.7175031238917035 4049 1958 4139 2048
018 0.6307271281936081 9801 2058 9884 2141
018 0.6875509942791901 6936 5218 7031 5313
018 0.7176494553523994 7799 6057 7915 6173
018 0.6191286186859294 204 3556 246 3598
018 0.7249149202752854 6916 5291 6978 5353
018 0.7203470125557325 8928 4842 9256 5170
018 0.6039289157750825 3278 6196 3349 6267
018 0.6011196201017229 5566 1833 5611 1878
018 0.6245839758122097 387 3819 430 3862
018 0.6536902483453941 1472 3704 1525 3757
018 0.7620706590603388 2536 3961 2638 4063
018 0.9061368450716688 1930 3976 2032 4078
018 0.9059991404578537 707 4046 781 4120
018 0.6963887766939781 810 6724 867 6781
018 0.7019746931220495 344 3667 387 3710
018 0.6023644335962676 8945 114 9095 264
018 0.6720939711064047 6343 1948 6400 2005
018 0.6763983018318646 791 4207 876 4292
018 0.903295236232151 7057 4386 7178 4507
018 0.6446788517104663 974 5543 1024 5593
018 0.7452164023691616 8418 4082 8582 4246
018 0.6555756933161099 252 4735 464 4947
018 0.6138436944211116 8124 4766 9404 6046
018 0.8357605954275333 1014 120 1078 184
018 0.6546035772384164 6124 6968 6153 6997
018 0.6844441585949642 1995 5812 2127 5944
018 0.6633952871745041 765 127 831 193
018 0.6319461335573814 4482 5807 4509 5834
018 0.6225924316050163 466 4005 507 4046
018 0.6404772347314355 266 5467 310 5511
018 0.6083522031746511 562 5467 608 5513
018 0.6349352722144717 3961 6169 4038 6246
018 0.6826665418682196 5838 6896 5939 6997
018 0.6546758467241952 2830 6715 2944 6829
018 0.6029844642985963 105 3929 151 3975
018 0.6267860494343377 3142 6029 3193 6080
018 0.6074461421963946 1987 6335 2069 6417
018 0.6021506270803957 4606 6126 4635 6155
018 0.6265656956506414 1200 4122 1258 4180
018 0.7011107422562479 2651 6372 2708 6429
018 0.6461297418548138 7801 6507 7859 6565
018 0.6107735961196143 167 6914 233 6980
018 0.6688668399992536 213 4191 255 4233
018 0.7078162938720496 214 4005 259 4050
018 0.6957306547394415 5259 2428 5374 2543
018 0.6048451089125967 8518 2103 8566 2151
018 0.6012634886304437 8569 2223 8634 2288
018 0.6259681074471084 179 2455 287 2563
018 0.6227950224877915 790 4753 908 4871
018 0.6205145290001869 1205 4045 1253 4093
018 0.6618862101486556 312 4117 358 4163
018 0.6495073332179682 6537 4843 6631 4937
018 0.7118572011048936 4368 2608 4529 2769
018 0.6620718561680261 6748 433 6842 527
018 0.6164585801789965 1894 4759 2003 4868
018 0.6679702074191262 1251 2451 1374 2574
018 1.0 1927 672 2230 975
018 0.6420413855703221 4726 2545 4849 2668
018 0.6311313991726051 5634 4396 5691 4453
018 0.7996894409515722 1356 6124 1402 6170
018 0.6106635933857986 3458 2380 3500 2422
018 0.6174677278421621 4335 4583 4470 4718
018 0.6473343885340551 8324 2427 8370 2473
018 0.6009533687418662 285 4343 331 4389
018 0.6475244429979811 461 4344 507 4390
018 0.6442741893713367 1026 4522 1079 4575
018 0.6788416347462854 7079 4678 7160 4759
018 0.6934404755012795 82 4418 104 4440
018 0.6613278387965238 8668 4416 8714 4462
018 0.6014325586469522 98 4419 144 4465
018 0.6211860901037466 6910 4602 6966 4658
018 0.7144839226278431 4316 680 4375 739
018 0.657541798797701 2718 2680 2762 2724
018 0.6459056791416122 446 2674 493 2721
018 0.8383415314567154 1384 2941 1477 3034
018 0.6239339798927296 4089 1470 4178 1559
018 0.6279793182326465 1962 1897 2561 2496
018 0.7636450824213487 431 5904 645 6118
018 0.619425136109539 1654 1118 1798 1262
018 0.6258377255725317 1257 1137 1415 1295
018 0.6297883880694702 1228 2675 1277 2724
018 0.6118287810036133 2412 2679 2460 2727
018 0.6241247712617246 4191 1437 4355 1601
018 0.6645379589661041 2894 1290 3273 1669
018 0.6695189379196286 9750 5248 9877 5375
018 0.7672983704451483 465 4604 512 4651
018 0.6146027700571208 122 4605 168 4651
018 0.6432232868067532 6478 4842 6520 4884
018 0.6590920667957302 199 1199 368 1368
018 0.6946578893472847 1729 2943 1801 3015
018 0.7647651309358057 2210 2954 2280 3024
018 0.6052002382988436 8245 977 8334 1066
018 0.7309056866484673 2627 2755 2673 2801
018 0.6094909941897866 7585 1128 7746 1289
018 0.7249683407761415 6652 2874 6716 2938
018 0.8138920658353941 761 2986 825 3050
018 0.6102805024393556 8662 950 8713 1001
018 0.6190137362123015 66 4682 109 4725
018 0.6075763913658666 333 4682 379 4728
018 0.6383836244084055 1092 4684 1137 4729
018 0.7021786635318232 8380 4888 8430 4938
018 0.6170711541834165 9731 967 9821 1057
018 0.6615750529363738 8198 4919 8241 4962
018 0.648087535616805 8108 988 8136 1016
018 0.601229442956504 1891 2933 1947 2989
018 0.6210522452972626 1531 4957 1573 4999
018 0.6198761327334865 910 1158 1075 1323
018 0.7520572203921589 3490 1584 3552 1646
018 0.8007753449689043 174 1050 226 1102
018 0.7228712607775915 9754 5205 9829 5280
018 0.6880026619424814 370 3066 412 3108
018 0.6711251479699254 562 3067 603 3108
018 0.6070213302050443 483 5062 526 5105
018 0.7123654984814127 6232 1604 6309 1681
018 0.6808293677873271 4956 1109 5020 1173
018 0.6688710228514785 4478 3224 4565 3311
018 0.7124408512945025 5916 3218 6004 3306
018 0.7025031284647507 4106 1653 4162 1709
018 0.6024854507095238 8683 3040 8736 3093
018 0.6127157919708367 762 4954 807 4999
018 0.6380891252096126 1336 4956 1378 4998
018 0.6622794692366464 1716 4957 1763 5004
018 0.6032696729288025 3885 1739 3948 1802
018 0.6118913348383859 98 3219 142 3263
018 0.7025977772521665 3903 1176 3949 1222
018 0.6068141892532058 305 3143 349 3187
018 0.6055162622752138 551 3144 596 3189
018 0.6282086610589551 8158 3267 8212 3321
018 0.6357544456315546 169 3294 214 3339
018 0.6244447377563149 64 5061 110 5107
018 0.6536314022421 1878 5068 1920 5110
018 0.6730495739893968 842 5171 888 5217
018 0.7222731721505753 396 3480 440 3524
018 0.6751689079899739 605 3480 649 3524
018 0.6355781818727941 3933 3497 3988 3552
018 0.7634274532643008 1884 3465 1944 3525
018 0.6643274570476638 5552 3496 5598 3542
018 0.6751991517952945 1720 3531 1824 3791
018 0.6150240691507207 2466 3557 2635 3978
018 0.6876460898377699 7325 13 7390 174
018 0.6598016003513795 1203 3490 1314 3769
018 0.7661114148734578 280 25 360 226
018 0.7535443922718428 6501 3458 6570 3630
018 0.7835145910599867 5841 3642 5924 3849
018 0.7801593454804319 584 1749 660 1938
018 0.6331314072271065 7313 12 7407 248
018 0.8961936754622642 822 3845 921 4092
018 0.8057218633390366 4718 5782 4797 5979
018 0.6876297572844414 3486 5806 3551 5968
018 0.6671900491438741 3994 3662 4091 3906
018 0.6796719991779496 5612 3854 5836 4415
018 0.8074841420377795 4279 3868 4357 4062
018 0.6819110294616348 1915 4025 2089 4460
018 0.8348337910386123 7897 6157 8023 6472
018 0.6130645763589232 5844 3763 5918 3948
018 0.6596125373190139 8386 2446 8593 2964
018 0.6669809247387832 1145 6109 1219 6295
018 0.7341797517486646 9197 6125 9282 6337
018 0.876436656167854 1140 3924 1300 4323
018 0.6219947882015401 9726 6325 9822 6566
018 0.6037235948059276 4291 6014 4439 6383
018 0.6734544269233808 7129 1999 7231 2255
018 0.6717751616710558 5936 6284 6098 6688
018 0.8094968260948109 8804 4260 9261 5403
018 0.7240914290986358 4489 6296 4725 6887
018 0.7200086980783483 5813 4938 6020 5457
018 0.6674246148280305 5674 2088 5797 2396
018 0.6510983610101583 5335 2012 5585 2636
018 0.8501619997949396 206 2550 891 4261
018 0.6758976258986225 948 106 1272 915
018 0.6174435887662874 4816 2229 5034 2774
018 0.602390066162507 6926 455 7196 1129
018 0.7192930733411768 133 191 465 1022
018 0.6484086640285873 7676 50 8136 1200
018 0.6053458377953139 734 2050 1257 3356
018 0.7537419797143555 4401 2113 4922 3415
018 0.8016916946553235 688 4306 1564 6495
018 0.7109484094980467 840 455 1430 1929
018 0.8580335340075355 3583 5375 3632 5496
018 0.6414209934783196 7967 5451 8043 5640
018 0.6201424870606924 4296 1806 4351 1942
018 0.6303107459376349 5993 941 6125 1271
018 0.6719163715725395 7051 5749 7113 5904
018 0.6661201853702493 1875 6074 1941 6238
018 0.6365775961179269 8243 6178 8346 6435
018 0.6019895320891172 8479 6105 8550 6283
018 0.7454340778631277 3598 6092 3656 6236
018 0.9816156320395519 1517 6102 1629 6381
018 0.6714783085565785 7339 6591 7474 6928
018 0.747340325466185 4048 94 4283 681
018 0.7215663095288345 1292 6248 1546 6882
018 0.60153938926776 8025 621 8257 1200
018 0.6760714237114162 4951 903 5090 1251
018 0.6050060569412017 288 1760 393 2024
018 0.6089990354760694 9828 938 9917 1162
018 0.6041724458995064 3074 938 3178 1197
018 0.7118291626650581 7159 1747 7363 2258
018 0.7421831111363346 4939 1079 5041 1334
018 0.6433252649573953 9496 420 9680 881
018 0.6385956543328204 5360 860 5724 1770
018 0.7189741487256875 3488 1096 3688 1596
018 0.7029054819904583 516 1170 646 1495
018 0.7131132017040365 4378 1255 4509 1583
018 0.8149418090852016 223 769 497 1454
018 0.6388167353892913 25 954 260 1540
018 0.6192728911970907 4762 918 5250 2139
018 0.8348390182330685 4630 3627 4685 3765
018 0.6963275046930588 5051 3619 5134 3826
018 0.7442848660947494 3822 5313 3891 5484
018 0.7065639030454044 3277 6076 3382 6339
018 0.779067568709255 2536 6106 2635 6353
018 0.6597981282183661 3353 6182 3460 6449
018 0.6242732893365713 737 130 932 618
018 0.7597156159081406 8122 6614 8244 6919
018 0.7985852546087986 1402 122 1723 924
018 0.8053349377589455 519 136 882 1044
018 0.792726442418351 805 4743 1087 5447
018 0.6414113102633907 3090 5110 3549 6257
018 0.7118384032746109 4821 4161 4895 4347
018 0.6966144163708117 6542 3951 6648 4216
018 0.6341478664512654 9857 980 9908 1107
018 0.6109144847134372 4059 3679 4181 3984
018 0.6029513695676799 122 4472 244 4776
018 0.6093839163045234 9753 4775 9898 5137
018 0.6486057266456469 2339 2963 2441 3217
018 0.6971875934184737 6544 824 6811 1490
018 0.8339071941708246 611 1175 1134 2483
018 0.9416885462419987 9789 5272 9840 5399
018 0.9073253966237808 3073 5596 3148 5783
018 0.6210902970351381 4666 5546 4731 5710
018 0.6284960863001916 3762 132 3930 553
018 0.765192864341194 7757 1597 9462 5859
018 0.6657369329615003 4172 3964 4241 4136
018 0.6024667763078916 4959 2239 5074 2526
018 0.6925747421928544 9833 2065 9883 2190
018 0.6675552847367887 6872 5723 6965 5957
018 0.675161233124929 5296 4021 5360 4181
018 0.6607187852649364 4070 4143 4164 4377
018 0.7164905575278834 4679 3958 4813 4294
018 0.6486365866294347 4392 2158 4460 2329
018 0.7109807096576404 38 4098 238 4597
018 0.6183217663276924 6688 4743 6878 5219
018 0.7034713703538417 1545 4708 2073 6026
018 0.6017985910474626 3313 171 3374 322
018 0.6032096805030775 9818 146 9912 382
018 0.6256164538226346 2553 6203 2627 6388
018 0.6812161347705131 1670 1122 1768 1367
018 0.6029535815587015 5722 1232 5891 1655
018 0.6636513337623274 3494 4354 3627 4686
018 0.7259212127218903 6406 4354 6532 4669
018 0.7597397202801597 3438 4556 3562 4865
018 0.7048847472782255 4214 2144 4397 2602
018 0.6962149543644722 2136 4115 3080 6477
018 0.6531733631873679 2418 6265 2496 6461
018 0.6477965117305609 9629 180 9711 387
018 0.8075488637033539 3095 6018 3176 6222
018 0.6718643426316827 4208 6455 4320 6736
018 0.8008084405268543 5178 4338 5270 4569
018 0.6456037098133574 4297 2473 4407 2747
018 0.9449698624846089 2183 2925 2297 3209
018 0.6058620151868926 620 5460 707 5679
018 0.7806199259019648 4032 4089 4087 4225
018 0.6618684494207262 2660 6049 2737 6242
018 0.6501064999140811 9823 226 9909 441
018 0.7733968060837005 6055 4249 6133 4446
018 0.6949027445293711 4263 1182 4345 1388
018 0.903827172801922 4959 1179 5023 1340
018 0.762442089684817 7070 4396 7211 4749
018 0.6953908478743079 6436 4393 6581 4756
018 0.6121498261369815 3636 1268 3765 1590
018 0.7058805659375608 4323 1504 4637 2288
018 0.9389956622058085 3630 1179 3703 1361
018 0.6119073214650396 7021 1205 7115 1440
018 0.7272260067189118 4292 5753 4410 6047
018 0.6234627918107328 7150 2589 7341 3067
018 0.7205498604820488 3718 5735 3797 5934
018 0.779123693925465 9845 6320 9919 6506
018 0.6607577710066933 1605 1134 1666 1286
018 0.6140784069878609 3035 5256 3266 5834
018 0.8103835483913591 48 2090 519 3268
018 0.6905326604310037 3461 2121 3483 2176
018 0.6099940280384709 4215 1318 4346 1645
018 0.8513395595082602 0 1199 478 2393
018 0.6132989930754438 2752 6562 2885 6895
018 0.6369915667205779 3475 2486 3621 2852
018 0.834510595609697 3337 275 3402 438
018 0.6193101098546241 8966 6497 9060 6733
018 0.6561771710464201 3247 1202 3302 1340
018 0.6533146841329751 6864 4795 7053 5267
018 0.6285912712334403 1224 2947 1322 3192
018 0.8069448570713036 6551 4560 6673 4866
018 0.7891809361928024 4279 1427 4417 1771
018 0.7115786145901263 8384 419 8442 564
018 0.7147566734655321 5672 396 5765 630
018 0.8207097383302516 3630 4110 3682 4239
018 0.6034102418542278 3357 4295 3644 5012
018 0.7113027557870855 1204 6249 1260 6388
018 0.6227566287971089 3226 1262 3273 1379
018 0.6487101653259746 4272 5851 4435 6259
018 0.6645354249726938 376 1414 495 1711
018 0.7363983017530709 3599 5436 3790 5913
018 0.659625948259732 6220 4291 6282 4445
018 1.0 7117 4524 7208 4751
018 0.7435476023842387 4492 456 4548 595
018 0.6922041597922821 3803 2396 3877 2581
018 0.6528581688551984 2806 5798 3070 6456
018 0.6955928363005748 6826 4965 6962 5305
018 0.6248275605268114 5903 1451 5977 1636
018 0.8283351686282631 4067 1525 4154 1744
018 0.647610609581587 3807 1562 3916 1834
018 0.7784069308996187 6234 4410 6299 4572
018 0.6123474686512533 4716 670 4896 1121
018 0.729872002182543 744 2955 847 3212
018 0.6015440996323413 4388 1596 4580 2077
018 0.6637212450347293 3616 4300 3665 4422
018 0.6479020419432658 7122 4391 7177 4527
018 0.7004966824896717 7082 4408 7144 4562
018 0.7155535429145682 2118 551 2214 792
018 0.6824275751388325 9474 730 9648 1166
018 0.6275439227202055 7049 4862 7148 5110
018 0.8007015868523848 7123 4439 7178 4575
018 0.9196949563439668 2127 622 2218 849
018 0.7584115232935023 6481 4743 6592 5020
018 0.6995197549057077 428 3410 1076 5028
018 0.9832689127448262 8273 653 8385 933
018 0.6833112427935447 6596 4710 6677 4913
018 0.6510831204025299 276 4830 535 5478
018 0.6046189451454748 4777 2759 4853 2950
018 0.8644140959072003 2643 661 2702 808
018 0.668105984455014 5458 4472 5517 4619
018 0.7521386265804515 6767 4483 6833 4647
018 0.7123331399002011 645 769 856 1298
018 0.6904086061654638 2150 5051 2642 6280
018 0.6187587308394308 5356 4438 5409 4569
018 0.6163637776876655 4377 1617 4499 1921
018 0.6302704987769601 68 1667 190 1972
018 0.6304757435282669 8341 2824 8411 3000
018 0.6894473792065509 3278 807 3358 1008
018 0.9216456838340252 7238 4637 7302 4797
018 0.6382664451714035 5559 5066 5650 5293
018 0.9031807555737918 7044 4599 7107 4756
018 0.7552821035085133 6120 4650 6193 4833
018 0.6829829160822277 6825 4980 6892 5149
018 0.6221907064532073 9842 2958 9909 3125
018 0.6836506403136312 3152 4606 3366 5141
018 0.6821434454101787 6339 3295 6499 3695
018 0.705468491610189 9861 826 9918 967
018 0.7403322694105547 3114 841 3159 953
018 0.6850433318509168 8283 871 8340 1014
018 0.8698572885422754 54 3428 635 4880
018 0.8309756535920279 425 4759 494 4932
018 0.6681766828138527 7149 2940 7236 3159
018 0.8049946678117273 485 4762 549 4921
018 0.6506959078267005 6757 6716 6810 6848
018 0.6064230106119295 6603 4810 6665 4964
018 0.6033886090301163 6823 6811 6894 6990
018 0.8246331560641894 6015 3074 6081 3238
018 0.7123805496669084 5836 3132 5902 3298
018 0.659351736282905 8813 6795 8872 6941
018 0.7338232232440091 7172 2940 7224 3069
018 0.7980280774216694 1382 4686 2080 6429
018 0.8354978060471786 493 4765 541 4885
018 0.6317989000591928 5995 6855 6046 6981
018 0.6703985439423414 5091 3746 5314 4302
018 0.8915938691233048 6466 4779 6524 4922
018 0.7467527975011149 6543 4789 6591 4909
018 0.7712098208211606 8757 6838 8807 6963
018 0.7146398121257175 8153 3224 8224 3402
018 0.656906997242226 8 3695 270 4350
018 0.6542838790410546 215 4677 927 6456
018 0.7041600553589703 6940 5100 7048 5371
018 0.7673749105265075 4461 5203 4493 5281
018 0.6740344308174583 6904 5181 6970 5345
018 0.6638679809721021 4127 3124 4179 3253
018 0.6624312015470134 3898 5229 3952 5363
