018 0.6826480225885682 2068 27 2123 163
018 0.6338805657123834 1381 3488 1498 3780
018 0.6493011583634709 1732 3553 1827 3791
018 0.6894688048637685 3558 5618 3605 5736
018 0.7990015992227816 1213 3484 1319 3748
018 0.8050029129817454 1553 3566 1649 3805
018 0.6801813158730874 2650 23 2783 356
018 0.9282267816747677 3206 88 3449 696
018 0.6327715749556554 1911 4007 2099 4477
018 0.6708042922712981 9707 4092 9814 4361
018 0.9027702514300058 757 4164 905 4535
018 0.8920641820747216 804 3825 933 4148
018 0.6048659734264166 1493 4126 1786 4859
018 0.6116830629110382 5660 2135 5824 2544
018 0.8652961535659806 8833 4213 9408 5650
018 0.6521869639402279 7331 4931 7682 5808
018 0.6078413383494019 1190 5266 1753 6673
018 0.7913385068308482 6390 1849 6952 3253
018 0.7014951236237725 4774 3824 4799 3886
018 0.7311488605840342 4260 5714 4285 5776
018 0.6296829884652273 101 1961 134 2043
018 0.6501748472721308 6772 6153 6821 6275
018 0.6792420294268802 1739 3502 1796 3645
018 0.8740939461861799 5294 1912 5345 2039
018 0.6725663590398605 2575 6229 2628 6361
018 0.9248175076055878 8307 6236 8370 6393
018 0.6170212203399167 3728 5480 3775 5598
018 0.7352502957319619 7279 130 7558 826
018 0.8571546498222586 1771 243 2700 2567
018 0.7184147127086822 5896 5519 5979 5728
018 0.6366197606522861 8479 6112 8549 6287
018 0.7012853363391759 1143 6093 1254 6371
018 0.7808834207455375 8739 2206 8893 2590
018 0.6031762337888834 5524 2404 5676 2785
018 0.7489582976312628 3306 6098 3384 6294
018 0.6743991595677665 1947 62 2009 216
018 0.7914034345677212 6473 1946 6520 2063
018 0.8099341051161962 6893 5790 6958 5951
018 0.6240919381792837 6003 1807 6084 2010
018 0.8455084755275526 4047 3680 4152 3943
018 0.6334241623333488 3077 5991 3228 6369
018 0.6149957955302391 3886 1587 4303 2631
018 0.6108609800460789 7707 6745 7793 6959
018 0.9214439866284794 8522 6210 8599 6403
018 0.7356555068997555 9 6519 98 6743
018 0.7263172513879997 6500 5691 6547 5808
018 0.6343362218474894 6281 6369 6401 6670
018 0.6635249446468923 1727 4164 1786 4311
018 0.6682112894156026 2034 5793 2174 6142
018 0.6035302397691171 902 6030 1126 6591
018 0.7407647602904858 6100 4200 6199 4448
018 0.6761268179266866 9850 6246 9916 6410
018 0.8077773921218689 8780 6283 8828 6402
018 0.7654304765408856 1118 3925 1336 4470
018 0.6315301225176018 5775 3643 5962 4110
018 0.6673214514431806 5372 2081 5662 2807
018 0.6521478145058512 3306 164 3380 349
018 0.7495393390244589 3587 118 3843 758
018 0.7134015545508888 3890 6424 4032 6778
018 0.6884994890444497 5066 3618 5138 3798
018 0.9258165516122284 5805 3756 5931 4071
018 0.6556947346991501 4757 3313 5203 4429
018 0.7138466744279529 9833 2063 9901 2233
018 0.6996950989298871 1872 6913 1906 6998
018 0.643079948855242 2695 134 2752 277
018 0.7496056432784856 9619 222 9770 599
018 0.6963140542269858 3342 6569 3441 6816
018 0.713146161743149 8237 255 8625 1226
018 0.7432353688258072 7951 6265 8050 6514
018 0.6423714059989983 306 5479 354 5600
018 0.6821400240827858 1062 6794 1124 6948
018 0.6534659880106254 8046 331 8671 1892
018 0.6689640100909011 6462 3519 6664 4024
018 0.6055763759661799 9763 5317 9892 5640
018 0.693229409511127 5709 5762 5969 6411
018 0.6517080017895753 1046 191 1147 444
018 0.6476372710119146 986 5188 1351 6100
018 0.8139451739894269 914 677 1472 2073
018 0.7398948089878399 4581 654 5458 2847
018 0.6795264178062722 6524 5508 6572 5626
018 0.6500193166516423 8351 6452 8374 6509
018 0.7489839715050587 6972 6377 7016 6487
018 0.7046322857693281 4711 6214 4852 6567
018 0.7776167672861762 3499 5994 3574 6183
018 0.7372939584128778 2617 255 2641 314
018 0.6449892758391654 5917 5470 5997 5671
018 0.6773054190455661 6164 350 6405 952
018 0.689786750529581 338 559 925 2026
018 0.6124765903605729 3802 5977 3825 6033
018 0.6077508366062556 8544 2755 8656 3035
018 0.6012851220511679 8305 277 8369 435
018 0.6831442369068992 1868 6871 1894 6936
018 0.6740158553876463 6413 6006 6440 6072
018 0.8324645487657332 1559 4284 2459 6534
018 0.833104416551082 2218 5180 2577 6077
018 0.7666995308063979 9864 298 9911 414
018 0.6104167973457412 9864 344 9916 474
018 0.6228528202339947 6691 2886 6881 3362
018 0.664038913504068 8282 2864 8444 3269
018 0.6590300058325537 833 6492 878 6604
018 0.7138236729961553 5619 3960 5756 4304
018 0.631762076679893 2140 5056 2837 6798
018 0.6544533092084949 1048 3790 1110 3946
018 0.6106550531069163 2339 2974 2445 3238
018 0.838191720002867 1429 4950 2010 6402
018 0.6726164579629983 6761 428 6869 698
018 0.712895554110105 5377 454 5899 1759
018 0.6516861481860444 782 6742 814 6821
018 0.6273845603214844 8982 488 9529 1856
018 0.6082861808326304 1645 5147 2057 6178
018 0.6021563924196642 8929 398 8970 499
018 0.7388064765297845 1938 4373 2083 4737
018 0.6233972763133782 29 6611 131 6866
018 0.6424391075315764 9100 495 9178 691
018 0.7464327396131375 5835 2535 5914 2734
018 0.603342992979806 9821 4358 9879 4501
018 0.758447473711151 1884 2949 1988 3208
018 0.9458349814231934 2198 2950 2305 3218
018 0.6882553780429441 6618 516 6693 702
018 0.6118145186851375 3814 553 3887 735
018 0.8544610265280614 188 791 558 1715
018 0.6643535800028691 5284 524 5330 639
018 0.6013777856108945 6588 553 6695 821
018 0.6995757503405036 8041 721 8243 1226
018 0.6460312716258929 2910 813 3082 1243
018 0.6512852354774525 8277 1794 9596 5091
018 0.613900538887177 1386 2963 1487 3217
018 0.7240518219638515 2638 661 2723 874
018 0.9304565730928914 767 2981 846 3178
018 0.6900787371993967 5718 5188 5846 5508
018 0.6365679873846868 5708 5210 5880 5640
018 0.800632805553427 8012 2883 9479 6551
018 0.7111656851696628 5735 2632 5804 2805
018 1.0 6686 4597 6748 4751
018 0.8216503921586942 9245 812 9370 1124
018 0.6606850958030681 9780 4626 9826 4741
018 0.6453077375072748 5204 4044 5512 4814
018 0.6538089574152575 9780 4585 9805 4647
018 0.6297108503305154 5143 2718 5220 2910
018 0.6497832458493807 9674 887 9906 1467
018 0.7294188156767737 792 1257 1147 2145
018 0.7574933932767699 8654 1342 8787 1674
018 0.6289612004778466 5783 1264 5919 1605
018 0.6656461836574717 2036 3324 3179 6181
018 0.8135481334625561 9863 1288 9910 1406
018 0.656702727799919 8338 1382 8408 1557
018 0.7510892915426501 8700 849 8802 1105
018 0.8254745181803871 9868 878 9913 989
018 0.6538020624698527 6772 1407 6823 1533
018 0.7094179995087272 2925 1472 2976 1599
018 0.6936070497670586 9723 2901 9781 3046
018 0.6113797004584699 5606 1597 5926 2397
018 0.7546232588328997 6624 1091 6785 1494
018 0.7165845141193858 8354 1459 8414 1607
018 0.6485004545313979 5648 988 5670 1043
018 0.6305554437278574 9849 2978 9914 3140
018 0.6807062054872587 5452 1558 5610 1953
018 0.642398166336186 8470 1057 8515 1169
018 0.7800135047656845 8183 4911 8232 5033
018 0.6493231983751516 5627 1917 6269 3522
018 0.6663417621110139 4651 3350 4728 3543
018 0.7771126032018129 3247 1186 3311 1346
018 0.6541131670004366 6619 5119 6666 5237
018 0.6214882069355717 9805 3226 9919 3512
