018 0.7225616794880763 6290 1878 6345 1933
018 0.672195250042655 6922 5294 6975 5347
018 0.6523090540484953 6463 1980 6519 2036
018 0.7386943717435919 4084 1927 4150 1993
018 0.6987344958178799 6938 5218 7027 5307
018 0.6751529512725897 9786 2054 9893 2161
018 0.6892935821753101 8466 2151 8592 2277
018 0.6431320676645832 3765 1916 3810 1961
018 0.728885034976114 6301 1811 6358 1868
018 0.6471642510374973 441 2671 495 2725
018 0.6601458139385257 2331 2676 2378 2723
018 0.6924190728866277 3362 948 3410 996
018 0.7030028913535521 413 2950 464 3001
018 0.7657770955297117 2207 2945 2286 3024
018 0.6173701921730738 342 2745 402 2805
018 0.739273404851389 640 2742 693 2795
018 0.6063203072620353 967 2749 1022 2804
018 0.6399139182174649 1856 2745 1908 2797
018 0.7177751692466603 5482 5499 5539 5556
018 0.6047451677755618 9782 2624 9860 2702
018 0.600223399756998 4208 2638 4268 2698
018 0.7639235505178945 1695 6070 1813 6188
018 0.6546062064922216 9727 977 9816 1066
018 0.8384357071980251 1383 2940 1481 3038
018 0.7511960344682732 2447 3070 2553 3176
018 0.9194029306301182 410 5911 630 6131
018 0.747341040968004 8495 984 8658 1147
018 0.796990563790489 757 2983 831 3057
018 0.6274350159758789 4287 1820 4342 1875
018 0.6512734469705348 8300 2819 8400 2919
018 0.7421084715220682 3767 6215 3833 6281
018 0.6900725344720617 5626 2019 5728 2121
018 0.6491300696859503 1267 1148 1421 1302
018 0.7584566363350549 3935 5420 3986 5471
018 0.6064585758104979 834 1159 1005 1330
018 0.6862097728972323 8834 104 9046 316
018 0.647796494857869 682 106 919 343
018 0.6508037592199968 5118 5425 5162 5469
018 0.6889091915754207 70 2874 117 2921
018 0.6492220934454842 7876 5702 7930 5756
018 0.6956113432281903 6094 5618 6223 5747
018 0.6363605062875373 719 6083 857 6221
018 0.6469963349074347 1461 6074 1627 6240
018 0.8363691207407556 1014 122 1073 181
018 0.6211180204783913 4751 1878 4931 2058
018 0.6347111369997953 3943 5446 3990 5493
018 0.6044941532773955 6658 5677 6711 5730
018 0.9101925258643802 3870 1975 3919 2024
018 0.6597326022898375 365 1193 539 1367
018 0.6318636515193031 180 2741 277 2838
018 0.6599563638382351 6495 6061 6641 6207
018 0.7989783751755762 1960 5812 2107 5959
018 0.6594440418464447 5112 2920 5158 2966
018 0.7022005880680631 6652 2867 6726 2941
018 0.6007957831560781 4959 1106 5027 1174
018 0.6676315311566338 6411 2175 6489 2253
018 0.611949953329658 4590 5476 4636 5522
018 0.7167630535217826 480 193 610 323
018 0.6317047269377734 4838 5432 4896 5490
018 0.6802492694331579 5915 3212 6005 3302
018 0.6784942368935144 4642 2964 4770 3092
018 0.6916777559993289 1041 192 1086 237
018 0.6680523646274182 6337 1145 6441 1249
018 0.6341128365308749 7970 181 8024 235
018 0.6559925492424951 8286 190 8338 242
018 0.618298839806758 205 1223 340 1358
018 0.6342598899649379 8640 1364 8818 1542
018 0.6221163536066192 4181 1438 4352 1609
018 0.8088897640169458 5050 5508 5095 5553
018 0.63115265308004 4258 3096 4325 3163
018 0.6291856191585203 1310 5538 1359 5587
018 0.6105312386095832 4057 5817 4109 5869
018 0.6283902262088055 6222 3111 6274 3163
018 0.6351639758318368 681 3094 753 3166
018 0.7112721220475223 5723 1104 5770 1151
018 0.6144812555592686 6199 3009 6249 3059
018 0.6056275196942902 65 2447 186 2568
018 0.699196081865893 1005 2461 1135 2591
018 0.6023387467795092 4030 1458 4280 1708
018 0.6986048156759099 4286 2100 4335 2149
018 0.6099387747109443 8684 3043 8731 3090
018 0.6942731792398347 3306 246 3351 291
018 0.7748064540254047 6802 3092 6868 3158
018 0.6278156088632003 3902 1174 3953 1225
018 0.6583789722548953 4759 1179 4809 1229
018 0.6074003156783444 1800 2452 1935 2587
018 0.6518610966415228 6884 3142 6940 3198
018 0.6698745356718961 8235 3301 8294 3360
018 0.6349084106075802 7665 271 7758 364
018 0.6205106820004433 3970 5875 4014 5919
018 0.76943044622186 1356 6124 1404 6172
018 0.6703252669310432 8570 2227 8633 2290
018 0.7501408505723832 258 3061 304 3107
018 0.6636066149669703 6246 3207 6296 3257
018 0.6449057728135296 396 2448 516 2568
018 0.8330839661469419 1911 643 2236 968
018 0.6552028889772304 5941 2249 5995 2303
018 0.6315036697414451 3196 6455 3267 6526
018 0.6437026666691639 1266 2455 1383 2572
018 0.7157814576034823 2360 2456 2473 2569
018 0.6473193043733383 2468 2456 2585 2573
018 0.6834780264909548 4252 1252 4307 1307
018 0.6599760504577465 404 3139 448 3183
018 0.7084259878407547 4141 1269 4207 1335
018 0.6659466757983812 8547 1257 8621 1331
018 0.7182990502147386 5751 1392 5865 1506
018 0.6204383754544465 4715 6874 4819 6978
018 0.8048145864878854 6180 417 6328 565
018 0.6163817815402394 9084 465 9194 575
018 0.674390470751035 4347 6150 4408 6211
018 0.6993736791506989 4985 6234 5049 6298
018 0.7442122526241094 6693 3227 6714 3248
018 0.6154732031433046 1120 1699 1269 1848
018 0.775344218699247 4125 422 4204 501
018 0.6710733945508003 5934 3225 5979 3270
018 0.7297401195532229 4487 2283 4529 2325
018 0.6980679102318094 6747 430 6840 523
018 0.6441006672002706 4578 3345 4652 3419
018 0.6224280986794375 5712 1323 5795 1406
018 0.6197027979822307 8385 508 8521 644
018 0.7183639079457066 4096 1471 4173 1548
018 0.6182772104629823 6592 489 6647 544
018 0.6776306375513965 3235 496 3291 552
018 0.6120534754556096 9142 2446 9242 2546
018 0.6101813369534969 6210 501 6257 548
018 0.6004635624863607 9765 2463 9826 2524
018 0.6851937644000928 7658 534 7711 587
018 0.6318553858045928 3163 6458 3191 6486
018 0.6776094094392688 6276 3328 6322 3374
018 0.6421588034456371 4417 1400 4484 1467
018 0.7104460362329947 5970 1539 6072 1641
018 0.6809220298273004 4235 4556 4440 4761
018 0.6749053005276738 5550 3494 5598 3542
018 0.6811604047107792 6495 3433 6558 3496
018 0.7080938662721261 4028 4570 4252 4794
018 1.0 1925 3969 2042 4086
018 0.7575619798505884 2537 3961 2645 4069
018 0.6340186412694617 4762 2568 4814 2620
018 0.6769006898951284 2533 3375 2577 3419
018 0.7198906912331517 4283 1644 4425 1786
018 0.6284141847591923 4338 6230 4386 6278
018 0.7035381146124865 8906 6156 8976 6226
018 0.7728884327536764 1157 3987 1269 4099
018 0.7797879102165763 4319 679 4372 732
018 0.7216101170285201 6106 681 6154 729
018 0.6398720165947032 8293 3509 8340 3556
018 0.730721884475842 703 4048 778 4123
018 0.7500894110828522 71 6864 140 6933
018 0.6656351246834562 1250 3560 1296 3606
018 0.9306072579633363 4300 1655 4397 1752
018 0.6089340237680514 2269 6399 2316 6446
018 0.6105514126562631 9767 1589 9827 1649
018 0.6513872291158855 8832 1593 8896 1657
018 0.7448199785499574 9402 795 9463 856
018 0.6314789777541817 9639 800 9706 867
018 0.6454595673757118 3107 839 3161 893
018 0.614407652130353 3685 1591 3727 1633
018 0.685098520278596 1858 3641 1905 3688
018 0.6270877176146805 9004 6728 9071 6795
018 0.6571082637223465 5768 867 5859 958
018 0.7920757250357041 341 3665 388 3712
018 0.7127801150918422 4675 3753 4729 3807
018 0.7211132078503788 792 4207 877 4292
018 0.6647029992798872 6938 3708 6984 3754
018 0.6943188731505749 5584 3867 5637 3920
018 0.6575619588668976 677 3739 725 3787
018 0.7503976709301641 7063 4389 7173 4499
018 0.722549811029348 213 6960 260 7007
018 0.7446439538328258 382 3815 430 3863
018 0.728465461720851 6568 3863 6612 3907
018 0.7668310381396558 7870 6627 7916 6673
018 0.8384376494688033 4755 6926 4802 6973
018 0.7367257006621759 9789 4240 9885 4336
018 0.6226131242784093 3501 4488 3611 4598
018 0.6513283059258628 898 3942 947 3991
018 0.6435618034139189 2572 4756 2690 4874
018 0.6021454192863634 1923 4952 1980 5009
018 0.6797386045331969 6913 4603 6967 4657
018 0.6115523693624106 4013 5166 4108 5261
018 0.7891513875662076 9761 5209 9812 5260
018 0.6985654654864284 4791 5224 4845 5278
018 0.8595287821378793 6494 4942 6548 4996
018 0.7037928763893113 208 4188 257 4237
018 0.6530434849195976 2462 4756 2584 4878
018 0.6348222015643546 9776 4791 9878 4893
018 0.6295667556644996 5730 5262 5777 5309
018 0.6409925877550108 6965 4652 7024 4711
018 0.8051106879842175 9119 4772 9248 4901
018 0.6391280588136375 6546 4846 6628 4928
018 0.6207742977973505 7483 4909 7570 4996
018 0.6247353099178348 7176 4277 7240 4341
018 0.6503046347656325 9836 4258 9884 4306
018 0.6006271591883722 7508 4370 7530 4392
018 0.666980076547994 6242 4149 6288 4195
018 0.6249730053931856 6908 4876 6975 4943
018 0.6435816229374359 58 4752 172 4866
018 0.6241857887747327 68 4340 113 4385
018 0.754426905088267 9800 5248 9837 5285
018 0.6538997470923834 2509 3952 2698 4424
018 0.711614140259169 3214 102 3456 707
018 0.6451746557412991 1529 3502 1661 3832
018 1.0 918 3622 1025 3889
018 0.6132233707033388 1708 3515 1824 3805
018 0.7621001557614416 1898 3958 2099 4462
018 0.8403486710011507 812 3810 928 4100
018 0.644304849007524 5718 3787 5857 4134
018 0.6869152967528971 1136 3937 1316 4388
018 0.6109445781506986 3596 5191 3740 5552
018 0.7574498734082351 9030 4587 9316 5302
018 0.644134923399649 9849 6392 9916 6559
018 0.6148043263778498 1329 6378 1418 6602
018 0.8055793956016979 710 4071 814 4331
018 0.6539598867601896 545 601 1037 1832
018 0.605557284582014 5851 3774 5914 3931
018 0.6170746624621399 8319 6265 8365 6379
018 0.633710111147357 705 113 919 649
018 0.7299973580344773 4534 2155 4640 2421
018 0.6063825654276923 4102 5725 4126 5784
018 0.7313945306759251 8813 6781 8892 6980
018 0.6891434334261308 9215 6245 9297 6450
018 0.7362999555132776 5662 2168 5768 2433
018 0.7798831663085379 4958 2194 5061 2452
018 0.6204540360839055 4727 6686 4757 6760
018 0.6681806514795775 8787 4356 9411 5915
018 0.6555964054895846 5542 4123 5637 4361
018 0.7404147991239919 5164 4307 5276 4587
018 0.6837258770067706 262 2974 918 4613
018 0.651411614703695 5834 3747 5920 3963
018 0.7212684203637775 486 5913 614 6232
018 0.6553693456162671 8508 6343 8584 6534
018 0.7445279199599393 2192 2944 2305 3226
018 0.6282303510899719 7701 382 7797 622
018 0.6082442554478854 6050 4986 6443 5968
018 0.6245841789196395 4535 5934 4833 6678
018 0.6984112597705083 4441 5678 4585 6036
018 0.7277827350085252 747 2978 851 3238
018 0.7396330378147961 5820 3192 6096 3883
018 0.634082404867806 5760 2647 5824 2807
018 0.8365608300799997 8937 4078 9255 4872
018 0.6636403686484403 9712 2879 9778 3045
018 0.606139546516898 8861 5163 8950 5386
018 0.6388621845029856 5701 959 5843 1314
018 0.6023160643716883 9862 871 9918 1009
018 0.743250923914817 6672 903 6740 1072
018 0.6026709948591202 8397 3067 9634 6160
018 0.648774496375119 5763 3704 5946 4161
018 0.849319945619017 4962 1104 5015 1236
018 0.715068369010086 8319 1373 8407 1594
018 0.6213702348170568 82 1480 136 1616
018 0.804014936697591 8604 1522 8657 1655
018 0.638703810768074 388 1455 445 1597
018 0.8319848130930136 8583 1516 8664 1720
018 0.7127801150918422 4675 3753 4729 3807
018 0.7225616794880763 6290 1878 6345 1933
018 0.672195250042655 6922 5294 6975 5347
018 0.6656351246834562 1250 3560 1296 3606
018 0.6575619588668976 677 3739 725 3787
018 0.6523090540484953 6463 1980 6519 2036
018 0.7386943717435919 4084 1927 4150 1993
018 0.6987344958178799 6938 5218 7027 5307
018 0.730721884475842 703 4048 778 4123
018 0.6751529512725897 9786 2054 9893 2161
018 0.6892935821753101 8466 2151 8592 2277
018 0.6431320676645832 3765 1916 3810 1961
018 0.728885034976114 6301 1811 6358 1868
018 0.6471642510374973 441 2671 495 2725
018 0.6601458139385257 2331 2676 2378 2723
018 0.7030028913535521 413 2950 464 3001
018 0.7657770955297117 2207 2945 2286 3024
018 0.6173701921730738 342 2745 402 2805
018 0.739273404851389 640 2742 693 2795
018 0.6063203072620353 967 2749 1022 2804
018 0.6399139182174649 1856 2745 1908 2797
018 0.6943188731505749 5584 3867 5637 3920
018 0.6047451677755618 9782 2624 9860 2702
018 0.600223399756998 4208 2638 4268 2698
018 0.7177751692466603 5482 5499 5539 5556
018 0.8384357071980251 1383 2940 1481 3038
018 0.7511960344682732 2447 3070 2553 3176
018 0.7639235505178945 1695 6070 1813 6188
018 0.9194029306301182 410 5911 630 6131
018 0.685098520278596 1858 3641 1905 3688
018 0.7446439538328258 382 3815 430 3863
018 0.796990563790489 757 2983 831 3057
018 0.6274350159758789 4287 1820 4342 1875
018 0.6512734469705348 8300 2819 8400 2919
018 0.7575619798505884 2537 3961 2645 4069
018 1.0 1925 3969 2042 4086
018 0.7503976709301641 7063 4389 7173 4499
018 0.7421084715220682 3767 6215 3833 6281
018 0.6900725344720617 5626 2019 5728 2121
018 0.6862097728972323 8834 104 9046 316
018 0.647796494857869 682 106 919 343
018 0.6889091915754207 70 2874 117 2921
018 0.7584566363350549 3935 5420 3986 5471
018 0.6508037592199968 5118 5425 5162 5469
018 0.6492220934454842 7876 5702 7930 5756
018 0.6956113432281903 6094 5618 6223 5747
018 0.6363605062875373 719 6083 857 6221
018 0.6469963349074347 1461 6074 1627 6240
018 0.8363691207407556 1014 122 1073 181
018 0.6211180204783913 4751 1878 4931 2058
018 0.7920757250357041 341 3665 388 3712
018 0.6347111369997953 3943 5446 3990 5493
018 0.728465461720851 6568 3863 6612 3907
018 0.6044941532773955 6658 5677 6711 5730
018 0.9101925258643802 3870 1975 3919 2024
018 0.6318636515193031 180 2741 277 2838
018 0.6599563638382351 6495 6061 6641 6207
018 0.7989783751755762 1960 5812 2107 5959
018 0.6809220298273004 4235 4556 4440 4761
018 0.6594440418464447 5112 2920 5158 2966
018 0.6647029992798872 6938 3708 6984 3754
018 0.7022005880680631 6652 2867 6726 2941
018 0.7367257006621759 9789 4240 9885 4336
018 0.6676315311566338 6411 2175 6489 2253
018 0.7167630535217826 480 193 610 323
018 0.611949953329658 4590 5476 4636 5522
018 0.6317047269377734 4838 5432 4896 5490
018 0.7211132078503788 792 4207 877 4292
018 0.6226131242784093 3501 4488 3611 4598
018 0.6802492694331579 5915 3212 6005 3302
018 0.6784942368935144 4642 2964 4770 3092
018 0.6916777559993289 1041 192 1086 237
018 0.6341128365308749 7970 181 8024 235
018 0.6559925492424951 8286 190 8338 242
018 0.8088897640169458 5050 5508 5095 5553
018 0.6513283059258628 898 3942 947 3991
018 0.63115265308004 4258 3096 4325 3163
018 0.6291856191585203 1310 5538 1359 5587
018 0.6105312386095832 4057 5817 4109 5869
018 0.6283902262088055 6222 3111 6274 3163
018 0.6351639758318368 681 3094 753 3166
018 0.7728884327536764 1157 3987 1269 4099
018 0.6144812555592686 6199 3009 6249 3059
018 0.6056275196942902 65 2447 186 2568
018 0.699196081865893 1005 2461 1135 2591
018 0.6986048156759099 4286 2100 4335 2149
018 0.6942731792398347 3306 246 3351 291
018 0.6099387747109443 8684 3043 8731 3090
018 0.6074003156783444 1800 2452 1935 2587
018 0.6349084106075802 7665 271 7758 364
018 0.7748064540254047 6802 3092 6868 3158
018 0.6518610966415228 6884 3142 6940 3198
018 0.6698745356718961 8235 3301 8294 3360
018 0.6205106820004433 3970 5875 4014 5919
018 0.76943044622186 1356 6124 1404 6172
018 0.6703252669310432 8570 2227 8633 2290
018 0.7501408505723832 258 3061 304 3107
018 0.6449057728135296 396 2448 516 2568
018 0.6636066149669703 6246 3207 6296 3257
018 0.8330839661469419 1911 643 2236 968
018 0.6552028889772304 5941 2249 5995 2303
018 0.6315036697414451 3196 6455 3267 6526
018 0.6437026666691639 1266 2455 1383 2572
018 0.7157814576034823 2360 2456 2473 2569
018 0.6473193043733383 2468 2456 2585 2573
018 0.6530434849195976 2462 4756 2584 4878
018 0.8051106879842175 9119 4772 9248 4901
018 0.6599760504577465 404 3139 448 3183
018 0.6247353099178348 7176 4277 7240 4341
018 0.6204383754544465 4715 6874 4819 6978
018 0.666980076547994 6242 4149 6288 4195
018 0.8048145864878854 6180 417 6328 565
018 0.6163817815402394 9084 465 9194 575
018 0.6435618034139189 2572 4756 2690 4874
018 0.674390470751035 4347 6150 4408 6211
018 0.6993736791506989 4985 6234 5049 6298
018 0.775344218699247 4125 422 4204 501
018 0.7442122526241094 6693 3227 6714 3248
018 0.6348222015643546 9776 4791 9878 4893
018 0.6710733945508003 5934 3225 5979 3270
018 0.7037928763893113 208 4188 257 4237
018 0.6980679102318094 6747 430 6840 523
018 0.7297401195532229 4487 2283 4529 2325
018 0.6441006672002706 4578 3345 4652 3419
018 0.6197027979822307 8385 508 8521 644
018 0.6182772104629823 6592 489 6647 544
018 0.6503046347656325 9836 4258 9884 4306
018 0.6776306375513965 3235 496 3291 552
018 0.6120534754556096 9142 2446 9242 2546
018 0.6101813369534969 6210 501 6257 548
018 0.6004635624863607 9765 2463 9826 2524
018 0.6851937644000928 7658 534 7711 587
018 0.6318553858045928 3163 6458 3191 6486
018 0.6776094094392688 6276 3328 6322 3374
018 0.6006271591883722 7508 4370 7530 4392
018 0.6749053005276738 5550 3494 5598 3542
018 0.6241857887747327 68 4340 113 4385
018 0.6811604047107792 6495 3433 6558 3496
018 0.7080938662721261 4028 4570 4252 4794
018 0.6340186412694617 4762 2568 4814 2620
018 0.6284141847591923 4338 6230 4386 6278
018 0.6769006898951284 2533 3375 2577 3419
018 0.7035381146124865 8906 6156 8976 6226
018 0.6797386045331969 6913 4603 6967 4657
018 0.7797879102165763 4319 679 4372 732
018 0.7216101170285201 6106 681 6154 729
018 0.6409925877550108 6965 4652 7024 4711
018 0.6398720165947032 8293 3509 8340 3556
018 0.747341040968004 8495 984 8658 1147
018 0.7500894110828522 71 6864 140 6933
018 0.6391280588136375 6546 4846 6628 4928
018 0.6089340237680514 2269 6399 2316 6446
018 0.7448199785499574 9402 795 9463 856
018 0.6314789777541817 9639 800 9706 867
018 0.6454595673757118 3107 839 3161 893
018 0.6435816229374359 58 4752 172 4866
018 0.6064585758104979 834 1159 1005 1330
018 0.6270877176146805 9004 6728 9071 6795
018 0.6571082637223465 5768 867 5859 958
018 0.6546062064922216 9727 977 9816 1066
018 0.6249730053931856 6908 4876 6975 4943
018 0.6207742977973505 7483 4909 7570 4996
018 0.6924190728866277 3362 948 3410 996
018 0.6421588034456371 4417 1400 4484 1467
018 0.7183639079457066 4096 1471 4173 1548
018 0.6115523693624106 4013 5166 4108 5261
018 0.6224280986794375 5712 1323 5795 1406
018 0.7104460362329947 5970 1539 6072 1641
018 0.7198906912331517 4283 1644 4425 1786
018 0.722549811029348 213 6960 260 7007
018 0.6023387467795092 4030 1458 4280 1708
018 0.8595287821378793 6494 4942 6548 4996
018 0.6221163536066192 4181 1438 4352 1609
018 0.6491300696859503 1267 1148 1421 1302
018 0.6154732031433046 1120 1699 1269 1848
018 0.7182990502147386 5751 1392 5865 1506
018 0.6597326022898375 365 1193 539 1367
018 0.7668310381396558 7870 6627 7916 6673
018 0.6007957831560781 4959 1106 5027 1174
018 0.8384376494688033 4755 6926 4802 6973
018 0.6021454192863634 1923 4952 1980 5009
018 0.6680523646274182 6337 1145 6441 1249
018 0.618298839806758 205 1223 340 1358
018 0.6342598899649379 8640 1364 8818 1542
018 0.9306072579633363 4300 1655 4397 1752
018 0.7112721220475223 5723 1104 5770 1151
018 0.6105514126562631 9767 1589 9827 1649
018 0.6513872291158855 8832 1593 8896 1657
018 0.6278156088632003 3902 1174 3953 1225
018 0.6583789722548953 4759 1179 4809 1229
018 0.614407652130353 3685 1591 3727 1633
018 0.7891513875662076 9761 5209 9812 5260
018 0.754426905088267 9800 5248 9837 5285
018 0.6985654654864284 4791 5224 4845 5278
018 0.6834780264909548 4252 1252 4307 1307
018 0.7084259878407547 4141 1269 4207 1335
018 0.6659466757983812 8547 1257 8621 1331
018 0.6295667556644996 5730 5262 5777 5309
