018 0.7220515738191464 697 4041 791 4135
018 0.6516118133063553 769 4193 901 4325
018 0.779660589213403 1139 36 1276 173
018 0.6527138241319995 8901 987 8971 1057
018 0.6291013371486657 6434 1813 6493 1872
018 0.7115278610610669 4215 1087 4329 1201
018 0.6077895337190068 5775 1060 5860 1145
018 1.0 1919 3970 2050 4101
018 0.6061031523276931 4282 5356 4344 5418
018 0.782690235139892 7780 6054 7921 6195
018 0.6263826049320498 923 5264 1057 5398
018 0.6227880039968094 879 140 973 234
018 0.6035663489199329 8343 4238 8433 4328
018 0.6745561695980579 2778 1045 2823 1090
018 0.6845106117610109 6889 3900 6932 3943
018 0.791278327345403 1956 5796 2157 5997
018 0.6126727003931215 751 211 795 255
018 0.6460165567930352 4878 6089 4940 6151
018 0.6496163016473362 3899 1174 3958 1233
018 0.7704716562102426 4252 1165 4304 1217
018 0.753924269479403 7706 272 7750 316
018 0.6168595142485007 2264 4760 2397 4893
018 0.727471239008124 3765 6217 3828 6280
018 0.6427611551003155 749 4322 800 4373
018 0.7095432909644842 1009 1500 1153 1644
018 0.6199052989025348 9282 6324 9358 6400
018 0.6006096986963314 8289 2813 8421 2945
018 0.6959898268450221 6907 4599 6969 4661
018 0.6411695788101238 6966 4652 7025 4711
018 0.8913433041526593 742 2980 841 3079
018 0.6183466377557709 1323 4607 2065 5349
018 0.6430289727562493 4244 1674 4362 1792
018 0.6183662093111296 6288 1618 6339 1669
018 0.9065332824816559 2449 3070 2549 3170
018 0.6512982704096044 7533 795 7577 839
018 0.8977328808804486 1388 2943 1484 3039
018 0.844583324570136 2197 2950 2287 3040
018 0.6549682341485191 5247 1726 5301 1780
018 0.6147245896375538 8618 4503 9312 5197
018 0.6050047588216352 2632 6550 2676 6594
018 0.6235090907372145 5168 1774 5218 1824
018 0.6289562115209705 548 6819 624 6895
018 0.7749199820790577 5770 3079 5822 3131
018 0.6188714863965405 9137 3242 9187 3292
018 0.7067520398026081 4759 3294 4803 3338
018 0.6735167905352246 1416 3770 1442 3834
018 0.6709494185712542 1927 3706 1956 3777
018 0.7332855474513824 6612 1799 6654 1903
018 0.7637929898932887 8653 5341 8692 5437
018 0.6594143081692447 425 1791 473 1912
018 0.7595767751482343 2112 1795 2163 1922
018 0.7107801983622155 278 1799 324 1912
018 0.7123384863969054 593 1888 639 2003
018 0.8937099560178814 4905 1773 4966 1925
018 0.7819538040592936 325 1805 371 1921
018 0.6692150373251352 127 1814 173 1928
018 0.7829283227694805 1011 41 1088 233
018 0.7147273294587714 464 1899 512 2019
018 0.6017769913723353 2189 1805 2237 1925
018 0.6902324320216308 1063 1755 1108 1868
018 0.6424356827341358 860 1763 911 1891
018 0.6876288837888934 2187 1772 2233 1887
018 0.69395986567781 3205 19 3382 460
018 0.6485621174927171 4469 5287 4522 5420
018 0.7495414487173767 6175 5770 6264 5991
018 0.633241706089639 5730 5206 5818 5427
018 0.7114126515241478 1374 3462 1481 3729
018 0.6563599281921901 6712 3856 6799 4073
018 0.6073439209455731 4324 3690 4440 3981
018 0.6484739613195735 9318 6126 9413 6364
018 0.7977522940761522 1883 3443 1985 3699
018 0.8886621176990475 816 3815 904 4036
018 0.6321776388863939 8196 2053 8296 2302
018 0.7722103412649173 8635 2019 8755 2319
018 0.9564707060295392 1916 3961 2056 4310
018 0.9384081594229837 692 4023 806 4308
018 0.7045265063584364 8962 4540 9313 5417
018 0.8076833964478459 5640 2128 5810 2552
018 0.7234273377815623 8743 2246 8940 2738
018 0.6990460722647021 6194 1847 6218 1906
018 0.7087329126754589 1894 51 1956 205
018 0.7851047430014424 5818 3728 5862 3836
018 0.6527841877676515 589 1805 633 1915
018 0.6477621892077916 1777 1816 1825 1934
018 0.8389961697326597 1073 3565 1145 3745
018 0.8617395476159393 5832 3775 5883 3901
018 0.6729629913013481 692 93 913 645
018 0.766302099766493 6034 3705 6086 3835
018 0.7028355080220628 9762 960 9838 1150
018 0.601922136249947 7482 865 7579 1107
018 0.6854092638718867 2405 3502 2520 3790
018 0.7369036271205489 7885 1026 7972 1244
018 0.6205721024198823 8804 5168 8916 5448
018 0.6814579410442704 8897 930 8987 1156
018 0.9300263184263391 8493 4093 8582 4315
018 0.6814778213166283 5279 1901 5345 2066
018 0.7726640173590829 1213 3471 1291 3666
018 0.6949856142200836 5262 4019 5360 4265
018 0.6773482825886717 8548 857 8774 1421
018 0.6422467625540327 4863 3787 5091 4356
018 0.6742792195655692 1190 73 1223 155
018 0.7389746832820079 8915 1202 9043 1523
018 0.6201605081032657 6408 2173 6505 2416
018 0.7745882555366093 4754 1892 4892 2236
018 0.8069410332082911 5434 5886 5503 6059
018 0.7473404775927078 9797 5370 9866 5543
018 0.9270264787447416 9786 5268 9834 5387
018 0.7187562337988177 4482 3527 4541 3673
018 0.6184353803736953 4585 5528 4676 5757
018 0.6994181616321241 9216 6150 9270 6284
018 0.6367242935120461 1157 1851 1199 1955
018 0.9371215418591616 2268 3521 2356 3741
018 0.6127785938114323 8278 6216 8370 6446
018 0.6816321796582552 5500 1917 5552 2046
018 0.7335971660904691 2522 3948 2668 4313
018 0.9992100132039246 1154 3956 1272 4250
018 0.8417855062558801 8354 4210 8432 4406
018 0.6412762096085098 1114 4087 1266 4467
018 0.6459494871722008 5765 4800 6088 5607
018 0.8096446654498519 4926 1073 5032 1338
018 0.6245584023930101 906 2301 1511 3813
018 0.781719999162967 6931 5686 6977 5799
018 0.6982902074697483 1375 6120 1461 6336
018 0.8728525758410268 8989 6132 9075 6349
018 0.6771261420119647 1565 3557 1645 3759
018 0.7502055083262552 9764 5246 9865 5499
018 0.8933403749829176 5005 1966 5052 2083
018 0.9431957742035522 928 3632 1015 3850
018 0.9341819445439858 776 4203 868 4434
018 0.6538073520232668 1839 4209 2129 4933
018 0.6161643743561854 2066 3708 2092 3772
018 0.7325024749515436 6496 5675 6548 5805
018 0.6179825281580343 7025 3685 7073 3806
018 0.601124568407019 7069 5936 7122 6067
018 0.7165587769072979 9803 126 9846 232
018 0.8217078072711891 4830 4182 4892 4337
018 0.8105397020799847 8613 4267 8756 4625
018 0.7885802607737913 371 5232 675 5993
018 0.6306971321282516 2374 3795 2807 4878
018 0.8215467630970503 7798 132 7852 266
018 0.648346626088806 8828 2030 8888 2179
018 0.7678964157316721 4689 2312 4839 2687
018 0.8602840361996049 3280 149 3374 384
018 0.6339465719009546 1023 183 1127 442
018 0.6251860634966074 471 170 636 582
018 0.7504909544338868 8874 5470 8923 5591
018 0.6462543978416678 7105 1044 7161 1184
018 0.6146637675440461 5080 2030 5105 2091
018 0.6144902599668374 7857 6276 7959 6530
018 0.8900926572034348 8723 4100 8958 4687
018 0.7071381519707249 9787 2061 9845 2206
018 0.6698907189158083 3315 178 3370 314
018 0.662828497663437 5430 2163 5549 2460
018 0.8110983158049374 5874 1050 5918 1158
018 0.7852962832829242 978 220 1097 516
018 0.7254437579594459 4357 5352 4437 5552
018 0.7297782149375469 4478 2387 4672 2872
018 0.728183666941983 5358 192 5515 585
018 0.684152691615784 9132 6230 9212 6430
018 0.7459942794824557 9140 5315 9237 5558
018 0.759462979044617 4286 2069 4333 2187
018 0.614049066851928 1973 218 2043 394
018 0.8513792719949176 9603 236 9713 511
018 0.6882658593309475 9110 527 9385 1214
018 0.671058676495938 5324 4281 5384 4431
018 0.8091940667862239 5719 4188 5846 4504
018 0.8149750161078592 6001 2067 6051 2192
018 0.6386036621122999 2332 6101 2368 6191
018 0.845719366866472 4348 2154 4421 2335
018 0.7679844521903555 4349 6035 4411 6189
018 0.750130503493023 970 6279 1056 6495
018 0.7069375037592833 4210 5753 4324 6038
018 0.6162272409434065 5567 5101 6055 6320
018 0.6450291258053389 4867 5905 4891 5965
018 0.6383651042211933 4060 4068 4111 4196
018 0.6684492862896599 1739 3689 1828 3912
018 0.8122838290234631 5808 4134 5911 4391
018 0.7041231628604815 5518 295 5926 1315
018 1.0 8019 5550 8054 5638
018 0.6759969095754929 5326 2104 5375 2225
018 0.6530302762386685 7786 1118 7830 1227
018 0.6364403249502169 3933 5417 3990 5559
018 0.6694961373968126 7243 2367 7350 2634
018 0.6436216600676692 7182 4500 7331 4872
018 0.6897683549098677 3967 2176 4027 2325
018 0.7388718782045613 8823 2337 8924 2590
018 0.6017905640859833 2134 6046 2209 6234
018 0.8117166294974143 4112 4190 4162 4315
018 0.617383989554236 7959 1236 8068 1509
018 0.6776883587904556 9760 4372 9820 4521
018 0.806984145809584 7107 4396 7184 4589
018 0.684875021172076 1927 2188 2745 4235
018 0.6118275341081412 1720 386 1912 866
018 0.6481742152077429 455 444 922 1610
018 0.7440424493330845 2828 6048 2881 6181
018 0.7966756662166301 4351 2420 4468 2713
018 0.8833112914994693 1324 1197 1372 1316
018 0.676828092954817 1688 1171 1736 1291
018 0.8347900261857065 4955 1182 5015 1332
018 0.600938426485452 9010 6198 9042 6277
018 0.649979806171415 8050 1257 8146 1497
018 0.7373064432455744 4326 2213 4390 2372
018 0.6147515750378962 1338 6396 1408 6570
018 0.7264389633761742 880 1237 923 1343
018 0.7268929658545955 5109 4401 5186 4593
018 0.7639096957300724 332 6090 386 6225
018 0.6224180532009308 2029 1227 2109 1429
018 0.686709063141862 6315 382 6427 663
018 0.675647102534042 474 1420 730 2061
018 0.6338675111808023 7908 6047 8070 6452
018 0.8587402191311223 1217 1207 1263 1320
018 0.7347055761215373 5705 1210 5750 1322
018 0.6666654254310708 6209 4185 6232 4242
018 0.8630941649275753 970 1219 1019 1341
018 0.7785639286874337 8684 6475 8755 6652
018 0.6481996924870368 249 2492 418 2915
018 0.6979493631762501 2239 1401 2347 1670
018 0.6459220329340548 5314 394 5350 484
018 0.7369210945321347 3342 6189 3425 6398
018 0.6458191541096593 2575 4337 2616 4438
018 0.6296709628747154 465 1243 513 1362
018 0.7171637601233535 413 1247 459 1361
018 0.6700398995803315 2033 1257 2079 1372
018 0.6511679325943142 2543 4502 2615 4683
018 0.647566523536287 8985 4948 9121 5287
018 0.7136948029585343 9220 6253 9281 6405
018 0.6374727391149125 9783 6199 9865 6405
018 0.6859104168229536 2478 6507 2545 6674
018 0.7792012644227054 5697 481 5959 1137
018 0.6930128448183478 412 6279 478 6443
018 0.7193914672348353 1323 6262 1397 6446
018 0.7099887587155449 6209 478 6261 607
018 0.6298173276904008 8012 1330 8050 1425
018 0.6703489695245726 342 4249 460 4545
018 0.6666304233621494 49 1276 96 1394
018 0.6658640106330187 9670 6296 9740 6472
018 0.6267176591912809 854 1327 902 1446
018 0.6798626851378811 796 1334 843 1452
018 0.6985469240662123 8847 438 8896 561
018 0.7250310215184763 2232 6098 2274 6201
018 0.7511243135147002 3615 6093 3662 6210
018 0.6706895025076572 9488 6297 9559 6475
018 0.7129821538544848 5378 581 5565 1049
018 0.702069843831979 1150 1313 1196 1427
018 0.682069129973214 1087 1316 1133 1430
018 0.6268341393372044 4699 3104 4941 3708
018 0.7643757793133675 4304 6077 4361 6219
018 0.703994794109956 4664 1574 4789 1886
018 0.7447614248337183 4734 5696 5049 6484
018 0.681761639350479 1528 1398 1573 1509
018 0.6244298390119833 6668 500 6712 611
018 0.7022031732211765 1664 1366 1714 1491
018 0.7089448313402938 5293 591 5353 741
018 0.8138062193219096 1196 5201 1482 5915
018 0.6842127494327213 6029 4933 6392 5841
018 0.6386077386778495 6180 1292 6568 2263
018 0.7680018273239787 3392 6436 3437 6548
018 0.6881265059743931 508 1354 554 1468
018 0.6926156344643473 8042 717 8225 1174
018 0.7998114095771669 5832 1376 5890 1521
018 0.6238642776901572 9453 6098 9557 6359
018 0.6816897877579595 4475 5886 4722 6504
018 0.7297241159190297 1095 2518 1123 2589
018 0.6125714877482654 8869 6192 8915 6306
018 0.7211188176880237 7872 6203 7915 6310
018 0.7390252686603034 8628 4870 8786 5264
018 0.6290661904356888 1288 6413 1354 6577
018 0.9384415377252852 1711 1389 1759 1509
018 0.7306558779287268 7751 1391 7801 1515
018 0.663750068738041 9730 6213 9774 6323
018 0.6651545440326394 6519 4690 6587 4859
018 0.7197901169429968 9183 6442 9239 6583
018 0.6002181680952222 3860 6594 3986 6909
018 0.6271951805883542 2039 2929 2146 3198
018 0.815492611505935 2489 3309 2624 3646
018 0.7605949871297211 6193 4370 6237 4480
018 0.6501095843501903 1703 2483 1747 2592
018 0.6102950673942616 1083 2482 1127 2591
018 0.6769802128152161 1144 2482 1187 2590
018 0.6404269025992501 1991 2484 2035 2592
018 0.6531440054996079 2051 2488 2094 2594
018 0.7219394019365523 1153 6377 1213 6527
018 0.7039969669057955 1851 6159 1921 6334
018 0.7149049800728471 1227 2960 1311 3171
018 0.6954651434399309 802 1443 849 1560
018 0.779906228479604 2684 714 2827 1072
018 0.7164498363036869 8775 6273 8824 6395
018 0.6907875749289903 3219 6505 3270 6633
018 0.7099898188849623 5781 2617 5839 2761
018 0.6016805155113287 9728 2585 9814 2799
018 0.8107129356375912 1393 2937 1479 3151
018 0.705666727496505 2342 2978 2426 3188
018 0.6145932897107161 6808 3332 7017 3856
018 0.6406506678211431 95 1513 136 1615
018 0.6924601180428495 5782 1522 5817 1609
018 0.6499679419228519 6022 695 6120 941
018 0.8749334706430529 3161 6305 3203 6410
018 0.6126394315475843 1341 1487 1421 1686
018 0.7076316310411822 9499 6439 9550 6567
018 0.6477033039379134 2128 1626 2249 1928
018 0.6516363661732625 5464 1490 5486 1544
018 0.6456031863804002 2093 1470 2140 1586
018 0.7241921726820452 8031 4662 8295 5320
018 0.7110779075234636 4331 6258 4388 6399
018 0.6275334452740124 2624 4499 2648 4558
018 0.811123127092404 4067 1545 4136 1717
018 0.8728832401314613 4789 1545 4867 1741
018 0.6978913449180651 6726 5756 6896 6180
018 0.8085941302243177 6309 709 6535 1275
018 0.7164817120849387 4268 2572 4311 2678
018 0.6077091149651447 1697 1502 1738 1604
018 0.6766155637058665 5997 3002 6150 3386
018 0.7679002618744923 5136 2695 5205 2868
018 0.9033987839972532 2189 2931 2285 3170
018 0.6730169763313876 1342 1519 1386 1629
018 0.7175821921982846 941 1539 987 1654
018 0.6298589000285312 5048 4497 5098 4622
018 0.6467142767074012 5742 2638 5789 2755
018 0.8830217764849628 7840 811 7909 983
018 0.7769192107627726 7074 1605 7099 1668
018 0.723031450188029 934 6408 986 6537
018 0.9555166553080582 1257 1638 1302 1751
018 0.873775835542282 563 1571 611 1690
018 0.6963826211736309 2014 1586 2059 1699
018 0.6662865634081996 5177 904 5321 1263
018 0.6781507968523532 288 1587 335 1704
018 0.6803047153499263 2728 6687 2810 6893
018 0.788455115637768 4760 2904 4838 3099
018 0.8379685688097537 9579 6716 9613 6800
018 0.6955717806679277 6944 5910 7041 6153
018 0.7262653026616499 3845 1650 3894 1771
018 0.9843277473680229 752 2973 828 3164
018 0.7189134605547086 5145 2731 5193 2851
018 0.6778847314404342 5057 2752 5101 2862
018 0.9083184307560993 645 1677 691 1791
018 0.6934727522766585 528 1682 574 1796
018 0.6665175253994762 8984 6457 9035 6585
018 0.6147997868927348 8520 6471 8565 6582
018 0.6456455963640196 9834 2785 9896 2940
018 0.652909335499045 1439 1620 1485 1733
018 0.6317420607407235 8996 6692 9066 6866
018 0.7009738231970702 8894 4780 8965 4957
018 0.713212784619234 6582 6774 6615 6856
018 0.6113217304390619 5074 2811 5133 2959
018 0.6124840382063447 363 1714 403 1814
018 0.7401547627408669 2016 6491 2062 6607
018 0.731435182503758 1138 1639 1184 1753
018 0.6380052211631586 854 1655 899 1767
018 0.7288270941516957 5177 2777 5227 2903
018 0.6105367896772662 5360 2731 5420 2879
018 0.7544704809061842 5284 1664 5326 1768
018 0.6525512119847445 2029 1672 2075 1787
018 0.9431073868034092 2183 1685 2231 1804
018 0.6610851822059901 2829 6628 2895 6791
018 0.6452114332804997 8153 4783 8218 4944
018 0.9913297526018781 2463 3074 2543 3275
018 0.702466918908088 204 1695 250 1810
018 0.9205406085802617 1903 1703 1950 1821
018 0.6725106677693322 1602 1712 1650 1831
018 0.787426112089805 6914 4884 6973 5031
018 0.7460865876713513 6775 5068 6849 5253
018 0.6511556196401768 2352 5133 2453 5386
018 0.6262260170086961 336 1744 357 1797
018 0.726579597005554 3372 6610 3394 6666
018 0.7028156820209719 2023 6618 2048 6680
018 0.6246662418670282 1404 1713 1449 1826
018 0.7018530135861253 5248 2854 5294 2968
018 0.7046948069021558 1256 1718 1304 1839
018 0.778028052944434 6558 4848 6630 5027
018 0.6252283268611339 5287 1729 5353 1894
018 0.7199607552895645 4741 3003 4780 3099
018 0.9161884447934954 1153 1752 1200 1870
018 0.6469461730249013 1871 6638 1919 6758
018 0.7795590461485896 2192 6529 2230 6625
018 0.7199587942217548 5727 3392 5859 3720
018 0.6436188435867982 5820 3340 6076 3981
018 0.6056740171241508 1226 1765 1269 1871
018 0.8690971889900497 8863 5164 8941 5361
018 0.6517030896881602 6949 6595 6995 6710
018 0.7977048630951832 8455 6698 8509 6832
018 0.6098516368581476 612 4784 657 4896
018 0.7963864776219433 3354 4808 3402 4927
018 0.8468790061808935 1196 6540 1297 6793
018 0.7045170630172672 5103 3011 5173 3187
018 0.6604036896535393 527 4787 566 4883
018 0.6603496376526853 7103 4817 7149 4930
018 0.6251674561262389 3166 4994 3238 5174
018 0.725972443075276 8883 4768 8977 5003
018 0.6320054902295978 6183 3005 6205 3059
018 0.6167110249070162 5614 3102 5654 3203
018 0.6484162700622259 934 4784 973 4881
018 0.725560153522731 524 6814 574 6938
018 0.6356809806029312 4959 2969 5012 3100
018 0.757159918065141 8758 6829 8820 6983
018 0.7103953041029395 4578 3252 4666 3474
018 0.7715871879672475 6698 3153 6752 3288
018 0.7361866727329498 4298 3167 4374 3357
018 0.7264941947391317 6214 4950 6256 5054
018 0.7630469870454021 9804 4972 9852 5090
018 0.6468148669484526 4586 3330 4669 3538
018 0.6335239289248841 6250 4895 6320 5069
018 0.9152665974846687 8152 3229 8206 3363
018 0.7153988994570168 4305 3188 4360 3325
018 0.7957460486633527 1707 3539 1789 3745
018 0.6513287782866565 6730 5025 6777 5143
018 0.8591765157441268 8500 3266 8545 3378
018 0.6869787626070027 6483 3401 6544 3552
018 0.7329869929373384 4490 3218 4567 3412
018 0.9083486906054852 9765 5181 9809 5290
018 0.7355397388435677 4340 5300 4362 5354
018 0.6754655363024759 1688 5298 1733 5411
018 0.6764690037163842 1177 5299 1219 5404
