018 0.6362870207923047 6187 1917 6212 1942
018 0.621462311157101 6154 1893 6181 1920
018 0.6154218088380567 6074 1877 6102 1905
018 0.6418668713088778 6593 5349 6639 5395
018 0.6456884770494209 6080 1837 6107 1864
018 0.6902887685515353 6016 1876 6044 1904
018 0.6611993491035609 1667 3682 1837 3852
018 0.688671979480048 7131 2096 7218 2183
018 0.6319205639911687 5432 2126 5502 2196
018 1.0 1502 3971 1654 4123
018 0.6341269223825525 3702 2148 3731 2177
018 0.6571824903958718 754 174 801 221
018 0.6241987128211322 2483 6030 2574 6121
018 0.6744943336613293 8405 6204 8427 6226
018 0.6520885211639429 402 6302 450 6350
018 0.6469454187356282 9523 6719 9564 6760
018 0.6125995019390125 8502 6537 8547 6582
018 0.6187037087367234 5039 4996 5094 5051
018 0.6656744189997342 6520 1322 6681 1483
018 0.6148550495749511 7896 1349 7944 1397
018 0.6179256752088403 6098 1850 6126 1878
018 0.621393798654893 8303 5986 8428 6298
018 0.6561274964963453 6309 3749 6445 4088
018 0.6585180568368688 1523 4001 1763 4600
018 0.6687742448236303 3775 5878 3862 6095
018 0.7873475206930578 2072 6683 2188 6973
018 1.0 5388 3540 5508 3839
018 0.6381532073598468 6277 3892 6368 4119
018 0.6677728486199059 3205 6527 3283 6721
018 0.6420894497271515 3828 4957 3995 5375
018 0.6251496351035907 4986 4325 5064 4520
018 0.6220306382330052 1572 6553 1630 6699
018 0.7424892691657117 6684 2402 6737 2533
018 0.7776737283471206 9099 671 9151 801
018 0.6689724649023729 6950 2802 7042 3031
018 0.7685973984359649 5366 3334 5576 3859
018 0.7696119687179417 9330 860 9494 1269
018 0.6590948785943873 3357 920 3590 1501
018 0.6037480794800525 4520 4624 4580 4774
018 0.6610728334245061 4874 4713 4928 4847
018 0.6961842787491117 5804 4520 5862 4664
018 0.7190864847984112 8911 3103 9000 3325
018 0.9363481449926714 4865 4746 4927 4901
018 0.6016612120237317 5601 5141 5668 5309
018 0.8454984758803824 4851 5098 4928 5292
018 0.8872519913098741 7109 1216 7371 1872
018 0.6970157613072631 8023 3021 8095 3201
018 0.6694988035059793 7470 1032 7524 1164
018 0.6637258671531618 4906 5055 4981 5242
018 0.8285363194674816 6909 1371 7048 1719
018 0.6310601191610585 7161 3522 7411 4147
018 0.6214053151046537 6611 1511 6710 1760
