056 0.8055641835886418 1102 163 1124 185
056 0.8197283967134914 712 159 734 181
056 0.40875983897027407 450 14 474 38
056 0.9612193616351191 421 77 492 148
056 0.4215011733247608 415 134 461 180
056 0.9031012560088831 436 123 505 192
056 0.607376280794415 1032 252 1084 304
056 0.7960731406617448 670 252 776 358
056 0.8021208727347947 1379 291 1517 429
056 0.616322987352441 1407 398 1437 428
056 0.6477169690226844 335 478 379 522
056 0.7988559201120512 343 368 387 412
056 0.4215011733247608 117 375 176 434
056 0.40875983897027407 236 352 334 450
056 0.7960731406617448 450 525 498 573
056 0.6431071092429778 1059 587 1123 651
056 0.6229019825918322 1031 844 1054 867
056 0.6188463774615587 1411 824 1438 851
056 0.613837194855838 512 770 546 804
056 0.6205033201508364 1493 767 1526 800
056 0.613837194855838 602 755 676 829
056 0.4039007896252653 62 878 127 943
