018 0.6929317317461233 6293 1879 6345 1931
018 0.8037072810519247 4678 3756 4729 3807
018 0.6964092942676277 809 5616 856 5663
018 0.6906143505196062 3714 1894 3762 1942
018 0.6155972564953298 6749 1976 6799 2026
018 0.7219587525871456 4590 5476 4640 5526
018 0.6295984259313223 6939 5220 7021 5302
018 0.7662398524312763 7797 6057 7918 6178
018 0.9005823463375806 707 4046 782 4121
018 0.6551509576510506 3193 6452 3273 6532
018 0.6241573755501998 4878 3813 4988 3923
018 0.6798834041379035 9794 2057 9881 2144
018 0.6007445355032214 1295 6270 1394 6369
018 0.7441046954361619 8463 2152 8593 2282
018 0.6717191167209638 6213 2200 6323 2310
018 0.6578157992615208 6033 3785 6080 3832
018 0.6528705393851991 3769 6219 3822 6272
018 0.7055402407830703 6915 5290 6979 5354
018 0.6223175308466181 3766 1916 3810 1960
018 0.7624888857234566 6301 1809 6361 1869
018 0.6656204114463468 1271 6840 1337 6906
018 0.6132459357032318 1077 3581 1146 3650
018 0.6997165174410674 8916 4877 9185 5146
018 0.6946642795858075 676 6489 767 6580
018 0.6887444735140636 6729 2094 6831 2196
018 0.7957597983560734 2537 3965 2644 4072
018 1.0 1932 3977 2037 4082
018 0.6506808380213011 6837 3970 6939 4072
018 0.6958490343799072 8764 5110 9010 5356
018 0.647465644680208 5653 2163 5806 2316
018 0.6640385669269704 3931 5417 3986 5472
018 0.6006765228117843 4655 3818 4696 3859
018 0.7339503316121055 794 4205 879 4290
018 0.7862016168388375 7061 4391 7171 4501
018 0.844644098230442 1011 120 1076 185
018 0.6495494845553977 2001 6298 2064 6361
018 0.7592609054994923 4582 6590 4638 6646
018 0.7696146257437833 751 121 858 228
018 0.6250685910331762 2480 6417 2528 6465
018 0.6690077444034939 7356 143 7547 334
018 0.6434216542908353 5114 5425 5161 5472
018 0.7295890081744991 8229 4896 9418 6085
018 0.7637499133382868 1455 6073 1629 6247
018 0.6508573332377219 7129 3734 7291 3896
018 0.7374854989452734 5844 6896 5948 7000
018 0.7575565584534208 6287 4195 6354 4262
018 0.6485121763616495 218 6960 251 6993
018 0.6076645117896612 3639 4060 3697 4118
018 0.6907782731054464 6422 2527 6576 2681
018 0.7785665675474138 483 195 617 329
018 0.6968596066045203 8341 4231 8425 4315
018 0.607352216530473 7992 5241 8363 5612
018 0.7191258865461064 6611 2132 6681 2202
018 0.6320082416632056 976 5545 1023 5592
018 0.6079828000907623 689 5975 774 6060
018 0.6023823292609812 8044 6186 8156 6298
018 0.6581246190803723 1488 5545 1536 5593
018 0.6616063548623667 5448 2389 5557 2498
018 0.6420530875295927 9519 5894 9640 6015
018 0.600171215629138 5555 6212 5712 6369
018 0.619929696188452 1990 6336 2068 6414
018 0.6725502554488029 9285 6327 9343 6385
018 0.6060134137409522 5690 5784 5751 5845
018 0.7190054474311096 1894 6170 1942 6218
018 0.621008732032491 4351 6151 4405 6205
018 0.6918431246260262 8564 2225 8632 2293
018 0.6117533004570099 326 4759 452 4885
018 0.6020916216837076 3822 315 3872 365
018 0.6058089654505551 1185 4242 1238 4295
018 0.6458296717040927 8594 2281 8647 2334
018 0.6634657135939117 4577 2247 4648 2318
018 0.6619017071477907 2660 330 2716 386
018 0.9670261134360051 1939 673 2220 954
018 0.7037234889897696 2572 344 2620 392
018 0.6399426066465655 5791 2325 5830 2364
018 0.8116343501451136 7307 401 7429 523
018 0.748883008107449 6533 4838 6661 4966
018 0.6277747970267236 5565 4230 5622 4287
018 0.6121219485136441 954 4760 1072 4878
018 0.8433864295279314 4754 6926 4801 6973
018 0.6166475912006028 2800 6383 2928 6511
018 0.6925696197479385 4344 444 4419 519
018 0.6845070454871819 6744 431 6851 538
018 0.6829572279579643 207 4188 256 4237
018 0.6413080530084038 249 4192 297 4240
018 0.6114590897931294 1149 4199 1200 4250
018 0.6986480531636657 6517 2285 6565 2333
018 0.7809800884672696 4482 2284 4528 2330
018 0.6203684119144768 7480 4317 7533 4370
018 0.6776405014003918 8407 522 8501 616
018 0.675420714260134 4046 4469 4076 4499
018 0.6324995836224204 4013 4438 4059 4484
018 0.8428380817180186 4054 502 4103 551
018 0.6266359743362744 9838 4260 9884 4306
018 0.6698982681450127 166 4268 214 4316
018 0.8322738975077091 1358 6122 1403 6167
018 0.6248159799022993 8315 2822 8401 2908
018 0.6678473269705703 3331 582 3406 657
018 0.6046899395341272 96 4417 146 4467
018 0.6498361599144221 7192 2525 7241 2574
018 0.6282817484792425 9785 2627 9858 2700
018 0.6436008902170637 460 4344 507 4391
018 0.8161667470216353 7094 4681 7161 4748
018 0.7122963752425487 4815 2556 4868 2609
018 0.6241986022684272 7153 4690 7246 4783
018 0.6560281245444692 7019 2565 7075 2621
018 0.6042267002607543 9778 4789 9897 4908
018 0.6999522063854666 3650 2594 3701 2645
018 0.608038177181411 6888 2592 6944 2648
018 0.6794169068523801 6913 4602 6968 4657
018 0.659174128273181 6965 4651 7021 4707
018 0.7193926768391541 3186 4968 3312 5094
018 0.8588159869047162 1388 2943 1480 3035
018 0.6369178808122877 1711 2939 1816 3044
018 0.6240071564911345 6792 2618 6840 2666
018 0.6419362564460015 7134 790 7223 879
018 0.6849883955464052 1206 4684 1244 4722
018 0.6203886459087362 5697 2766 5736 2805
018 0.6803107600737018 4333 3190 4373 3230
018 0.6229281920603741 367 4749 506 4888
018 0.6474033917434926 8685 3042 8734 3091
018 0.6116974326897202 6244 3207 6295 3258
018 0.7360819675551254 560 3065 605 3110
018 0.6623005721144042 6804 2681 6851 2728
018 0.6343161819389801 6136 2746 6198 2808
018 0.8127907345661497 2455 3070 2554 3169
018 0.7390480828898673 466 4603 511 4648
018 0.6396324820222425 120 4603 170 4653
018 0.6006033665652948 4980 915 5100 1035
018 0.6816733536062559 8234 969 8345 1080
018 0.6681251188340376 1271 1145 1422 1296
018 0.6145849800480833 1908 3127 1955 3174
018 0.7693852945637164 4755 3292 4808 3345
018 0.7725415803959812 762 2985 832 3055
018 0.611938917426299 332 4680 380 4728
018 0.6953315512353279 4882 2907 4931 2956
018 0.6336013311238258 180 4681 228 4729
018 0.6659586349216039 8192 4915 8241 4964
018 0.6010966372144297 4891 2932 4939 2980
018 0.6602282133537261 6881 4962 6921 5002
018 0.7740010095930584 8203 2854 8249 2900
018 0.6445881870347577 4581 5461 4678 5558
018 0.6207786532199477 310 2879 357 2926
018 0.6526878237382543 7606 1158 7709 1261
018 0.6499929267520241 6198 3008 6250 3060
018 0.60589817961304 920 1168 1067 1315
018 0.6612765837187558 4482 3222 4572 3312
018 0.7252346742575699 93 1054 166 1127
018 0.6164806956318063 6476 4842 6523 4889
018 0.7030151587829114 5721 1104 5770 1153
018 0.6602449872144277 5478 1061 5523 1106
018 0.6386228285620057 4958 1107 5019 1168
018 0.6068686238308348 5732 1124 5792 1184
018 0.6024069527016825 7212 5192 7240 5220
018 0.6190876392680705 760 4953 808 5001
018 0.6092256542783798 3083 1223 3156 1296
018 0.732092966589128 1335 4955 1379 4999
018 0.6315150042248501 4026 5182 4075 5231
018 0.6128899742340376 3902 1175 3955 1228
018 0.6096468011829034 290 5062 336 5108
018 0.6783426874635503 886 5061 929 5104
018 0.6737087460965931 4944 1271 4999 1326
018 0.8142947827762521 4370 1253 4445 1328
018 0.6252336288821331 4211 1445 4334 1568
018 0.6680835107863521 5726 1373 5804 1451
018 0.6486871873598653 4101 1472 4170 1541
018 0.6724809598513375 843 5172 889 5218
018 0.6025115706596833 598 5170 644 5216
018 0.7805144621658036 4066 1689 4155 1778
018 0.7975388800498444 4263 1662 4385 1784
018 0.6393566429544948 6260 1614 6317 1671
018 0.6965799965699757 4146 1681 4213 1748
018 0.6198307426023371 5976 1545 6047 1616
018 0.6929317317461233 6293 1879 6345 1931
018 0.8037072810519247 4678 3756 4729 3807
018 0.6906143505196062 3714 1894 3762 1942
018 0.6964092942676277 809 5616 856 5663
018 0.6155972564953298 6749 1976 6799 2026
018 0.7219587525871456 4590 5476 4640 5526
018 0.9005823463375806 707 4046 782 4121
018 0.6798834041379035 9794 2057 9881 2144
018 0.7441046954361619 8463 2152 8593 2282
018 0.6241573755501998 4878 3813 4988 3923
018 0.6295984259313223 6939 5220 7021 5302
018 0.7662398524312763 7797 6057 7918 6178
018 0.6717191167209638 6213 2200 6323 2310
018 0.6551509576510506 3193 6452 3273 6532
018 0.6007445355032214 1295 6270 1394 6369
018 0.6849883955464052 1206 4684 1244 4722
018 0.6336013311238258 180 4681 228 4729
018 0.6223175308466181 3766 1916 3810 1960
018 0.6578157992615208 6033 3785 6080 3832
018 0.6324995836224204 4013 4438 4059 4484
018 0.7624888857234566 6301 1809 6361 1869
018 0.6659586349216039 8192 4915 8241 4964
018 0.7862016168388375 7061 4391 7171 4501
018 0.7055402407830703 6915 5290 6979 5354
018 0.6132459357032318 1077 3581 1146 3650
018 0.6229281920603741 367 4749 506 4888
018 0.6117533004570099 326 4759 452 4885
018 0.6121219485136441 954 4760 1072 4878
018 0.6997165174410674 8916 4877 9185 5146
018 0.6887444735140636 6729 2094 6831 2196
018 0.7957597983560734 2537 3965 2644 4072
018 1.0 1932 3977 2037 4082
018 0.6794169068523801 6913 4602 6968 4657
018 0.6506808380213011 6837 3970 6939 4072
018 0.8161667470216353 7094 4681 7161 4748
018 0.6241986022684272 7153 4690 7246 4783
018 0.6042267002607543 9778 4789 9897 4908
018 0.6958490343799072 8764 5110 9010 5356
018 0.647465644680208 5653 2163 5806 2316
018 0.6602282133537261 6881 4962 6921 5002
018 0.6006765228117843 4655 3818 4696 3859
018 0.6640385669269704 3931 5417 3986 5472
018 0.7339503316121055 794 4205 879 4290
018 0.607352216530473 7992 5241 8363 5612
018 0.844644098230442 1011 120 1076 185
018 0.7295890081744991 8229 4896 9418 6085
018 0.7696146257437833 751 121 858 228
018 0.6434216542908353 5114 5425 5161 5472
018 0.6690077444034939 7356 143 7547 334
018 0.659174128273181 6965 4651 7021 4707
018 0.6508573332377219 7129 3734 7291 3896
018 0.6445881870347577 4581 5461 4678 5558
018 0.7575565584534208 6287 4195 6354 4262
018 0.7193926768391541 3186 4968 3312 5094
018 0.748883008107449 6533 4838 6661 4966
018 0.6076645117896612 3639 4060 3697 4118
018 0.7390480828898673 466 4603 511 4648
018 0.6396324820222425 120 4603 170 4653
018 0.6495494845553977 2001 6298 2064 6361
018 0.7637499133382868 1455 6073 1629 6247
018 0.6907782731054464 6422 2527 6576 2681
018 0.6164806956318063 6476 4842 6523 4889
018 0.7785665675474138 483 195 617 329
018 0.6968596066045203 8341 4231 8425 4315
018 0.7191258865461064 6611 2132 6681 2202
018 0.6320082416632056 976 5545 1023 5592
018 0.6079828000907623 689 5975 774 6060
018 0.6023823292609812 8044 6186 8156 6298
018 0.6581246190803723 1488 5545 1536 5593
018 0.6616063548623667 5448 2389 5557 2498
018 0.6420530875295927 9519 5894 9640 6015
018 0.600171215629138 5555 6212 5712 6369
018 0.6060134137409522 5690 5784 5751 5845
018 0.6024069527016825 7212 5192 7240 5220
018 0.6190876392680705 760 4953 808 5001
018 0.611938917426299 332 4680 380 4728
018 0.7190054474311096 1894 6170 1942 6218
018 0.621008732032491 4351 6151 4405 6205
018 0.6918431246260262 8564 2225 8632 2293
018 0.732092966589128 1335 4955 1379 4999
018 0.6315150042248501 4026 5182 4075 5231
018 0.6020916216837076 3822 315 3872 365
018 0.6458296717040927 8594 2281 8647 2334
018 0.6634657135939117 4577 2247 4648 2318
018 0.6058089654505551 1185 4242 1238 4295
018 0.6619017071477907 2660 330 2716 386
018 0.6528705393851991 3769 6219 3822 6272
018 0.9670261134360051 1939 673 2220 954
018 0.7037234889897696 2572 344 2620 392
018 0.6399426066465655 5791 2325 5830 2364
018 0.8116343501451136 7307 401 7429 523
018 0.6277747970267236 5565 4230 5622 4287
018 0.6096468011829034 290 5062 336 5108
018 0.6783426874635503 886 5061 929 5104
018 0.6946642795858075 676 6489 767 6580
018 0.7374854989452734 5844 6896 5948 7000
018 0.6925696197479385 4344 444 4419 519
018 0.6845070454871819 6744 431 6851 538
018 0.6829572279579643 207 4188 256 4237
018 0.6413080530084038 249 4192 297 4240
018 0.6986480531636657 6517 2285 6565 2333
018 0.6114590897931294 1149 4199 1200 4250
018 0.7809800884672696 4482 2284 4528 2330
018 0.6203684119144768 7480 4317 7533 4370
018 0.6776405014003918 8407 522 8501 616
018 0.675420714260134 4046 4469 4076 4499
018 0.8428380817180186 4054 502 4103 551
018 0.8322738975077091 1358 6122 1403 6167
018 0.619929696188452 1990 6336 2068 6414
018 0.6724809598513375 843 5172 889 5218
018 0.6025115706596833 598 5170 644 5216
018 0.6266359743362744 9838 4260 9884 4306
018 0.6698982681450127 166 4268 214 4316
018 0.6250685910331762 2480 6417 2528 6465
018 0.6678473269705703 3331 582 3406 657
018 0.6248159799022993 8315 2822 8401 2908
018 0.6498361599144221 7192 2525 7241 2574
018 0.6046899395341272 96 4417 146 4467
018 0.6282817484792425 9785 2627 9858 2700
018 0.6725502554488029 9285 6327 9343 6385
018 0.6436008902170637 460 4344 507 4391
018 0.7122963752425487 4815 2556 4868 2609
018 0.6560281245444692 7019 2565 7075 2621
018 0.6999522063854666 3650 2594 3701 2645
018 0.608038177181411 6888 2592 6944 2648
018 0.7592609054994923 4582 6590 4638 6646
018 0.6166475912006028 2800 6383 2928 6511
018 0.8588159869047162 1388 2943 1480 3035
018 0.6369178808122877 1711 2939 1816 3044
018 0.6240071564911345 6792 2618 6840 2666
018 0.6419362564460015 7134 790 7223 879
018 0.6203886459087362 5697 2766 5736 2805
018 0.6623005721144042 6804 2681 6851 2728
018 0.6343161819389801 6136 2746 6198 2808
018 0.8127907345661497 2455 3070 2554 3169
018 0.6006033665652948 4980 915 5100 1035
018 0.6816733536062559 8234 969 8345 1080
018 0.6681251188340376 1271 1145 1422 1296
018 0.7725415803959812 762 2985 832 3055
018 0.6953315512353279 4882 2907 4931 2956
018 0.6010966372144297 4891 2932 4939 2980
018 0.6145849800480833 1908 3127 1955 3174
018 0.7693852945637164 4755 3292 4808 3345
018 0.6656204114463468 1271 6840 1337 6906
018 0.7740010095930584 8203 2854 8249 2900
018 0.6207786532199477 310 2879 357 2926
018 0.6499929267520241 6198 3008 6250 3060
018 0.6526878237382543 7606 1158 7709 1261
018 0.6803107600737018 4333 3190 4373 3230
018 0.6116974326897202 6244 3207 6295 3258
018 0.60589817961304 920 1168 1067 1315
018 0.8433864295279314 4754 6926 4801 6973
018 0.6485121763616495 218 6960 251 6993
018 0.7252346742575699 93 1054 166 1127
018 0.6474033917434926 8685 3042 8734 3091
018 0.7030151587829114 5721 1104 5770 1153
018 0.6612765837187558 4482 3222 4572 3312
018 0.6602449872144277 5478 1061 5523 1106
018 0.6386228285620057 4958 1107 5019 1168
018 0.6068686238308348 5732 1124 5792 1184
018 0.7360819675551254 560 3065 605 3110
018 0.6092256542783798 3083 1223 3156 1296
018 0.6128899742340376 3902 1175 3955 1228
018 0.6737087460965931 4944 1271 4999 1326
018 0.8142947827762521 4370 1253 4445 1328
018 0.6252336288821331 4211 1445 4334 1568
018 0.6680835107863521 5726 1373 5804 1451
018 0.7975388800498444 4263 1662 4385 1784
018 0.6393566429544948 6260 1614 6317 1671
018 0.7805144621658036 4066 1689 4155 1778
018 0.6965799965699757 4146 1681 4213 1748
018 0.6486871873598653 4101 1472 4170 1541
018 0.6198307426023371 5976 1545 6047 1616
018 0.8037072810519247 4678 3756 4729 3807
018 0.6929317317461233 6293 1879 6345 1931
018 0.6906143505196062 3714 1894 3762 1942
018 0.6155972564953298 6749 1976 6799 2026
018 0.6964092942676277 809 5616 856 5663
018 0.6528705393851991 3769 6219 3822 6272
018 0.7219587525871456 4590 5476 4640 5526
018 0.6798834041379035 9794 2057 9881 2144
018 0.7441046954361619 8463 2152 8593 2282
018 0.6717191167209638 6213 2200 6323 2310
018 0.6295984259313223 6939 5220 7021 5302
018 0.9005823463375806 707 4046 782 4121
018 0.7662398524312763 7797 6057 7918 6178
018 0.7190054474311096 1894 6170 1942 6218
018 0.6241573755501998 4878 3813 4988 3923
018 0.6551509576510506 3193 6452 3273 6532
018 0.6007445355032214 1295 6270 1394 6369
018 0.6223175308466181 3766 1916 3810 1960
018 0.7624888857234566 6301 1809 6361 1869
018 0.6578157992615208 6033 3785 6080 3832
018 0.7055402407830703 6915 5290 6979 5354
018 0.6887444735140636 6729 2094 6831 2196
018 0.6132459357032318 1077 3581 1146 3650
018 0.6997165174410674 8916 4877 9185 5146
018 0.6656204114463468 1271 6840 1337 6906
018 0.6946642795858075 676 6489 767 6580
018 0.7957597983560734 2537 3965 2644 4072
018 1.0 1932 3977 2037 4082
018 0.647465644680208 5653 2163 5806 2316
018 0.6506808380213011 6837 3970 6939 4072
018 0.6958490343799072 8764 5110 9010 5356
018 0.6640385669269704 3931 5417 3986 5472
018 0.6006765228117843 4655 3818 4696 3859
018 0.7295890081744991 8229 4896 9418 6085
018 0.7339503316121055 794 4205 879 4290
018 0.7862016168388375 7061 4391 7171 4501
018 0.844644098230442 1011 120 1076 185
018 0.6495494845553977 2001 6298 2064 6361
018 0.7592609054994923 4582 6590 4638 6646
018 0.6434216542908353 5114 5425 5161 5472
018 0.7696146257437833 751 121 858 228
018 0.6690077444034939 7356 143 7547 334
018 0.6250685910331762 2480 6417 2528 6465
018 0.7637499133382868 1455 6073 1629 6247
018 0.6508573332377219 7129 3734 7291 3896
018 0.7374854989452734 5844 6896 5948 7000
018 0.7575565584534208 6287 4195 6354 4262
018 0.6485121763616495 218 6960 251 6993
018 0.6076645117896612 3639 4060 3697 4118
018 0.6907782731054464 6422 2527 6576 2681
018 0.7785665675474138 483 195 617 329
018 0.6968596066045203 8341 4231 8425 4315
018 0.607352216530473 7992 5241 8363 5612
018 0.7191258865461064 6611 2132 6681 2202
018 0.6320082416632056 976 5545 1023 5592
018 0.6079828000907623 689 5975 774 6060
018 0.6023823292609812 8044 6186 8156 6298
018 0.6581246190803723 1488 5545 1536 5593
018 0.6616063548623667 5448 2389 5557 2498
018 0.6420530875295927 9519 5894 9640 6015
018 0.600171215629138 5555 6212 5712 6369
018 0.619929696188452 1990 6336 2068 6414
018 0.6725502554488029 9285 6327 9343 6385
018 0.6060134137409522 5690 5784 5751 5845
018 0.621008732032491 4351 6151 4405 6205
018 0.6918431246260262 8564 2225 8632 2293
018 0.6020916216837076 3822 315 3872 365
018 0.6117533004570099 326 4759 452 4885
018 0.6458296717040927 8594 2281 8647 2334
018 0.6634657135939117 4577 2247 4648 2318
018 0.6058089654505551 1185 4242 1238 4295
018 0.6619017071477907 2660 330 2716 386
018 0.9670261134360051 1939 673 2220 954
018 0.7037234889897696 2572 344 2620 392
018 0.6399426066465655 5791 2325 5830 2364
018 0.8116343501451136 7307 401 7429 523
018 0.748883008107449 6533 4838 6661 4966
018 0.6277747970267236 5565 4230 5622 4287
018 0.6121219485136441 954 4760 1072 4878
018 0.8433864295279314 4754 6926 4801 6973
018 0.6166475912006028 2800 6383 2928 6511
018 0.6925696197479385 4344 444 4419 519
018 0.6845070454871819 6744 431 6851 538
018 0.6986480531636657 6517 2285 6565 2333
018 0.6829572279579643 207 4188 256 4237
018 0.6413080530084038 249 4192 297 4240
018 0.6114590897931294 1149 4199 1200 4250
018 0.7809800884672696 4482 2284 4528 2330
018 0.6203684119144768 7480 4317 7533 4370
018 0.6776405014003918 8407 522 8501 616
018 0.675420714260134 4046 4469 4076 4499
018 0.8322738975077091 1358 6122 1403 6167
018 0.6324995836224204 4013 4438 4059 4484
018 0.8428380817180186 4054 502 4103 551
018 0.6266359743362744 9838 4260 9884 4306
018 0.6698982681450127 166 4268 214 4316
018 0.6678473269705703 3331 582 3406 657
018 0.6248159799022993 8315 2822 8401 2908
018 0.6498361599144221 7192 2525 7241 2574
018 0.6046899395341272 96 4417 146 4467
018 0.6282817484792425 9785 2627 9858 2700
018 0.6436008902170637 460 4344 507 4391
018 0.7122963752425487 4815 2556 4868 2609
018 0.8161667470216353 7094 4681 7161 4748
018 0.6560281245444692 7019 2565 7075 2621
018 0.6241986022684272 7153 4690 7246 4783
018 0.6999522063854666 3650 2594 3701 2645
018 0.608038177181411 6888 2592 6944 2648
018 0.6042267002607543 9778 4789 9897 4908
018 0.6794169068523801 6913 4602 6968 4657
018 0.659174128273181 6965 4651 7021 4707
018 0.8588159869047162 1388 2943 1480 3035
018 0.6369178808122877 1711 2939 1816 3044
018 0.7193926768391541 3186 4968 3312 5094
018 0.6419362564460015 7134 790 7223 879
018 0.6240071564911345 6792 2618 6840 2666
018 0.6849883955464052 1206 4684 1244 4722
018 0.6680835107863521 5726 1373 5804 1451
018 0.6252336288821331 4211 1445 4334 1568
018 0.6203886459087362 5697 2766 5736 2805
018 0.6623005721144042 6804 2681 6851 2728
018 0.6737087460965931 4944 1271 4999 1326
018 0.6343161819389801 6136 2746 6198 2808
018 0.6486871873598653 4101 1472 4170 1541
018 0.8127907345661497 2455 3070 2554 3169
018 0.6229281920603741 367 4749 506 4888
018 0.7390480828898673 466 4603 511 4648
018 0.6396324820222425 120 4603 170 4653
018 0.6006033665652948 4980 915 5100 1035
018 0.6816733536062559 8234 969 8345 1080
018 0.6681251188340376 1271 1145 1422 1296
018 0.7975388800498444 4263 1662 4385 1784
018 0.7725415803959812 762 2985 832 3055
018 0.611938917426299 332 4680 380 4728
018 0.6953315512353279 4882 2907 4931 2956
018 0.6336013311238258 180 4681 228 4729
018 0.7805144621658036 4066 1689 4155 1778
018 0.6010966372144297 4891 2932 4939 2980
018 0.6659586349216039 8192 4915 8241 4964
018 0.7740010095930584 8203 2854 8249 2900
018 0.6602282133537261 6881 4962 6921 5002
018 0.6198307426023371 5976 1545 6047 1616
018 0.6207786532199477 310 2879 357 2926
018 0.6499929267520241 6198 3008 6250 3060
018 0.6526878237382543 7606 1158 7709 1261
018 0.6445881870347577 4581 5461 4678 5558
018 0.60589817961304 920 1168 1067 1315
018 0.6393566429544948 6260 1614 6317 1671
018 0.7252346742575699 93 1054 166 1127
018 0.6164806956318063 6476 4842 6523 4889
018 0.7030151587829114 5721 1104 5770 1153
018 0.6474033917434926 8685 3042 8734 3091
018 0.6602449872144277 5478 1061 5523 1106
018 0.6386228285620057 4958 1107 5019 1168
018 0.6145849800480833 1908 3127 1955 3174
018 0.6068686238308348 5732 1124 5792 1184
018 0.6612765837187558 4482 3222 4572 3312
018 0.6965799965699757 4146 1681 4213 1748
018 0.6803107600737018 4333 3190 4373 3230
018 0.6024069527016825 7212 5192 7240 5220
018 0.6092256542783798 3083 1223 3156 1296
018 0.6190876392680705 760 4953 808 5001
018 0.7360819675551254 560 3065 605 3110
018 0.6116974326897202 6244 3207 6295 3258
018 0.6128899742340376 3902 1175 3955 1228
018 0.732092966589128 1335 4955 1379 4999
018 0.6315150042248501 4026 5182 4075 5231
018 0.8142947827762521 4370 1253 4445 1328
018 0.6096468011829034 290 5062 336 5108
018 0.6783426874635503 886 5061 929 5104
018 0.6724809598513375 843 5172 889 5218
018 0.6025115706596833 598 5170 644 5216
018 0.7693852945637164 4755 3292 4808 3345
