0 042 044 079 020 037 034 008 000 072 011 052 017 002 066 023 032 071 065 057 076 009 004 007 013 033 039 068 027 010 025 049 063 050 078 026 028 021 070 001 058 062 048 031 059 014 016 064 053 075 051 069 022 019 077 061
1 060 006 005 029 012 055 015 000 072 011 052 017 002 066 023 032 071 065 057 076 009 004 007 013 033 039 068 027 010 025 049 063 050 078 026 028 021 070 001 058 062 048 031 059 014 016 064 053 075 051 069 022 019 077 061
2 060 006 005 029 012 055 015 042 044 079 020 037 034 008 066 023 032 071 065 057 076 009 004 007 013 033 039 068 027 010 025 049 063 050 078 026 028 021 070 001 058 062 048 031 059 014 016 064 053 075 051 069 022 019 077 061
3 060 006 005 029 012 055 015 042 044 079 020 037 034 008 000 072 011 052 017 002 076 009 004 007 013 033 039 068 027 010 025 049 063 050 078 026 028 021 070 001 058 062 048 031 059 014 016 064 053 075 051 069 022 019 077 061
4 060 006 005 029 012 055 015 042 044 079 020 037 034 008 000 072 011 052 017 002 066 023 032 071 065 057 039 068 027 010 025 049 063 050 078 026 028 021 070 001 058 062 048 031 059 014 016 064 053 075 051 069 022 019 077 061
5 060 006 005 029 012 055 015 042 044 079 020 037 034 008 000 072 011 052 017 002 066 023 032 071 065 057 076 009 004 007 013 033 063 050 078 026 028 021 070 001 058 062 048 031 059 014 016 064 053 075 051 069 022 019 077 061
6 060 006 005 029 012 055 015 042 044 079 020 037 034 008 000 072 011 052 017 002 066 023 032 071 065 057 076 009 004 007 013 033 039 068 027 010 025 049 070 001 058 062 048 031 059 014 016 064 053 075 051 069 022 019 077 061
7 060 006 005 029 012 055 015 042 044 079 020 037 034 008 000 072 011 052 017 002 066 023 032 071 065 057 076 009 004 007 013 033 039 068 027 010 025 049 063 050 078 026 028 021 059 014 016 064 053 075 051 069 022 019 077 061
8 060 006 005 029 012 055 015 042 044 079 020 037 034 008 000 072 011 052 017 002 066 023 032 071 065 057 076 009 004 007 013 033 039 068 027 010 025 049 063 050 078 026 028 021 070 001 058 062 048 031 051 069 022 019 077 061
9 060 006 005 029 012 055 015 042 044 079 020 037 034 008 000 072 011 052 017 002 066 023 032 071 065 057 076 009 004 007 013 033 039 068 027 010 025 049 063 050 078 026 028 021 070 001 058 062 048 031 059 014 016 064 053 075
